3836.24 0.0019283366
3836.65 0.002000674
3837.07 0.0020731473
3837.49 0.0021461004
3837.92 0.0022192341
3838.34 0.0022925094
3838.76 0.0023652432
3839.18 0.0024387971
3839.6 0.0025128794
3840.02 0.0025864134
3840.44 0.0026603667
3840.86 0.0027340704
3841.28 0.002808343
3841.7 0.0028823656
3842.12 0.0029568707
3842.54 0.003031207
3842.97 0.0031064183
3843.39 0.0031809919
3843.81 0.0032561393
3844.23 0.0033310305
3844.65 0.003406454
3845.07 0.0034816205
3845.49 0.0035573635
3845.92 0.003633201
3846.33 0.0037084783
3846.76 0.0037845983
3847.18 0.0038613027
3847.6 0.0039377497
3848.02 0.0040136287
3848.44 0.004090355
3848.87 0.00416727
3849.29 0.0042443187
3849.71 0.0043211514
3850.13 0.0044207894
3850.55 0.004572857
3850.98 0.0047236583
3851.4 0.0048755524
3851.82 0.0050277533
3852.24 0.0051795533
3852.66 0.005331563
3853.09 0.0054847654
3853.51 0.0056382865
3853.93 0.0057913135
3854.35 0.0059447372
3854.78 0.006099979
3855.2 0.0062548253
3855.62 0.006409176
3856.04 0.0065639247
3856.47 0.006719695
3856.89 0.0068757795
3857.31 0.00703146
3857.73 0.007187449
3858.16 0.0073453747
3858.58 0.007502795
3859.0 0.0076598013
3859.43 0.007817122
3859.85 0.007975578
3860.27 0.008191984
3860.69 0.0084395595
3861.12 0.008687739
3861.54 0.008937531
3861.96 0.0091879405
3862.39 0.009438822
3862.81 0.009690173
3863.24 0.009941998
3863.66 0.010191824
3864.08 0.010444743
3864.51 0.0106981415
3864.93 0.010952014
3865.35 0.011203871
3865.78 0.011460013
3866.2 0.011715459
3866.62 0.011970053
3867.05 0.0122264465
3867.47 0.012481986
3867.89 0.012739488
3868.32 0.012995999
3868.74 0.013254468
3869.16 0.013512083
3869.59 0.01377165
3870.01 0.014033962
3870.44 0.014432785
3870.86 0.0148283085
3871.29 0.015226453
3871.71 0.015623791
3872.14 0.016023764
3872.56 0.016422706
3872.98 0.016824521
3873.41 0.01722691
3873.83 0.01763057
3874.26 0.018034808
3874.68 0.018435907
3875.11 0.01884177
3875.53 0.019248676
3875.96 0.019656392
3876.38 0.020060936
3876.8 0.02047028
3877.23 0.020880673
3877.66 0.021291878
3878.08 0.021703897
3878.51 0.022116752
3878.93 0.022528531
3879.35 0.02294087
3879.78 0.02335641
3880.21 0.023848433
3880.63 0.024419365
3881.05 0.024991814
3881.48 0.025571039
3881.91 0.026148846
3882.33 0.02672486
3882.76 0.027302058
3883.18 0.027883751
3883.61 0.028466335
3884.03 0.029047446
3884.46 0.029629746
3884.89 0.030216267
3885.31 0.030803956
3885.74 0.031393215
3886.16 0.03198066
3886.59 0.03257203
3887.02 0.03316496
3887.44 0.03375632
3887.86 0.03434891
3888.29 0.034945436
3888.72 0.035543542
3889.15 0.036142852
3889.57 0.036743384
3890.0 0.037345134
3890.42 0.03808884
3890.85 0.03884171
3891.28 0.039596032
3891.7 0.040351827
3892.13 0.041101735
3892.55 0.04186051
3892.98 0.04262121
3893.41 0.04338724
3893.84 0.0441469
3894.26 0.044908024
3894.69 0.04567501
3895.12 0.04644306
3895.54 0.0472091
3895.97 0.047977075
3896.4 0.048750017
3896.82 0.04952446
3897.25 0.05030085
3897.68 0.051074784
3898.11 0.051854163
3898.53 0.052631
3898.96 0.05341377
3899.39 0.054197624
3899.81 0.0549794
3900.24 0.055780604
3900.67 0.056601524
3901.1 0.05742883
3901.52 0.058245216
3901.95 0.059071247
3902.38 0.059899405
3902.81 0.060729258
3903.24 0.061557017
3903.66 0.06238599
3904.09 0.063221455
3904.52 0.06406284
3904.95 0.064897396
3905.38 0.065737925
3905.8 0.06657633
3906.23 0.06742077
3906.66 0.06826256
3907.09 0.06911047
3907.51 0.06995567
3907.94 0.07080312
3908.37 0.07165616
3908.8 0.07251584
3909.23 0.073368445
3909.66 0.0742227
3910.09 0.07509233
3910.51 0.07599866
3910.94 0.07690727
3911.37 0.07780831
3911.8 0.078720406
3912.23 0.07963941
3912.66 0.08055022
3913.09 0.08146329
3913.51 0.08238282
3913.94 0.08330409
3914.37 0.084222846
3914.8 0.08514748
3915.23 0.086069696
3915.66 0.08699847
3916.09 0.087924235
3916.52 0.08886123
3916.95 0.08979097
3917.38 0.090727285
3917.8 0.09166056
3918.24 0.092600435
3918.67 0.09354203
3919.09 0.09447628
3919.52 0.0954213
3919.95 0.09637349
3920.39 0.09727819
3920.81 0.09817019
3921.24 0.09907362
3921.67 0.09997826
3922.1 0.10088521
3922.53 0.10178925
3922.96 0.10269559
3923.39 0.1036077
3923.82 0.10452152
3924.25 0.10543761
3924.68 0.10635078
3925.11 0.10727042
3925.54 0.10818763
3925.97 0.1091108
3926.4 0.11003624
3926.83 0.11095865
3927.26 0.11188282
3927.69 0.11281826
3928.12 0.11375126
3928.55 0.11468134
3928.98 0.11561318
3929.41 0.116551615
3929.85 0.117491834
3930.28 0.11845758
3930.71 0.11944066
3931.14 0.120429896
3931.57 0.12142149
3932.0 0.122415364
3932.43 0.12340535
3932.86 0.124402724
3933.29 0.1254018
3933.72 0.12639755
3934.16 0.12740007
3934.59 0.12839922
3935.02 0.12940574
3935.45 0.13041426
3935.88 0.13142455
3936.31 0.1324312
3936.74 0.13344009
3937.17 0.13445544
3937.61 0.13547318
3938.04 0.13649271
3938.47 0.1375036
3938.9 0.13852657
3939.33 0.13955183
3939.77 0.14058408
3940.19 0.14155692
3940.63 0.14248614
3941.06 0.14341712
3941.49 0.1443458
3941.92 0.14528047
3942.35 0.14621226
3942.79 0.14715096
3943.22 0.1480909
3943.65 0.14903262
3944.08 0.14997186
3944.52 0.15091757
3944.95 0.15186024
3945.38 0.15280941
3945.81 0.1537608
3946.24 0.15470865
3946.68 0.1556587
3947.11 0.15661538
3947.55 0.1575786
3947.98 0.15853432
3948.41 0.15949184
3948.84 0.1604555
3949.27 0.16142121
3949.71 0.16238426
3950.14 0.16339032
3950.57 0.16449422
3951.01 0.16559997
3951.44 0.1667075
3951.87 0.16781133
3952.3 0.1689226
3952.74 0.1700308
3953.17 0.1711466
3953.6 0.17225865
3954.04 0.1733783
3954.47 0.17449392
3954.9 0.17561786
3955.34 0.17674883
3955.77 0.17787674
3956.2 0.17899515
3956.64 0.1801275
3957.07 0.1812611
3957.51 0.18239714
3957.94 0.18352355
3958.37 0.18466347
3958.81 0.18581115
3959.24 0.18694995
3959.68 0.1880966
3960.11 0.1892253
3960.54 0.19032261
3960.98 0.1914156
3961.41 0.1925161
3961.84 0.19361362
3962.28 0.19471875
3962.71 0.19582023
3963.15 0.19692907
3963.58 0.19804032
3964.01 0.19914712
3964.45 0.20026226
3964.89 0.2013792
3965.32 0.20249267
3965.75 0.20360866
3966.19 0.20473216
3966.62 0.20586245
3967.06 0.20698965
3967.49 0.20810823
3967.93 0.20923945
3968.36 0.21037279
3968.8 0.21150836
3969.23 0.21263455
3969.67 0.21377397
3970.1 0.21494082
3970.54 0.2161913
3970.97 0.2174381
3971.41 0.2186996
3971.84 0.21995065
3972.28 0.22120443
3972.71 0.22246581
3973.15 0.22372998
3973.58 0.22498953
3974.02 0.2262512
3974.45 0.22752129
3974.89 0.2288007
3975.33 0.23006916
3975.76 0.23133975
3976.2 0.23261905
3976.64 0.23390026
3977.07 0.23517704
3977.5 0.23645657
3977.94 0.23774481
3978.38 0.23903477
3978.81 0.24032034
3979.25 0.24161519
3979.69 0.24291217
3980.12 0.24417241
3980.56 0.24533206
3980.99 0.24649319
3981.43 0.24766172
3981.87 0.24883276
3982.3 0.2500003
3982.74 0.25118148
3983.18 0.25235885
3983.61 0.25352696
3984.05 0.254708
3984.49 0.25589132
3984.92 0.2570768
3985.36 0.25825292
3985.79 0.2594436
3986.23 0.26063564
3986.67 0.2618298
3987.11 0.26302624
3987.54 0.2642187
3987.98 0.26541984
3988.42 0.26661614
3988.85 0.26782122
3989.29 0.26902217
3989.73 0.27023137
3990.16 0.27141586
3990.6 0.27257788
3991.04 0.2737306
3991.48 0.27489114
3991.91 0.2760474
3992.35 0.27721173
3992.79 0.2783714
3993.23 0.27953368
3993.66 0.2807035
3994.1 0.2818753
3994.54 0.28304878
3994.98 0.28421867
3995.42 0.28539634
3995.86 0.2865758
3996.29 0.28775695
3996.73 0.28892782
3997.17 0.29011324
3997.61 0.2912999
3998.05 0.29248935
3998.48 0.29367986
3998.92 0.29487312
3999.36 0.29606107
3999.8 0.29725158
4000.24 0.29831335
4000.68 0.2992587
4001.11 0.30020016
4001.55 0.30114305
4001.99 0.30209136
4002.43 0.30304104
4002.87 0.30399156
4003.3 0.30493885
4003.74 0.30589122
4004.18 0.30684528
4004.62 0.3077953
4005.06 0.308746
4005.5 0.30970258
4005.94 0.31065968
4006.38 0.31161872
4006.82 0.3125741
4007.26 0.31353498
4007.7 0.31449714
4008.13 0.3154558
4008.57 0.31642002
4009.01 0.31738076
4009.45 0.31834728
4009.89 0.31930965
4010.33 0.3202702
4010.77 0.32122877
4011.21 0.32218304
4011.65 0.3231437
4012.09 0.32410568
4012.53 0.32506806
4012.97 0.32602212
4013.41 0.32698628
4013.85 0.327952
4014.29 0.32892412
4014.73 0.3298819
4015.17 0.33085072
4015.61 0.33182058
4016.05 0.33278653
4016.49 0.33375782
4016.93 0.33472514
4017.37 0.33569923
4017.81 0.3366686
4018.25 0.33764437
4018.69 0.3386213
4019.13 0.33959883
4019.57 0.34057328
4020.01 0.34155166
4020.45 0.34248608
4020.89 0.34341735
4021.33 0.3443491
4021.77 0.34528694
4022.22 0.34623006
4022.65 0.34716025
4023.1 0.34810087
4023.54 0.34904337
4023.98 0.3499862
4024.42 0.350921
4024.86 0.35186598
4025.3 0.3528122
4025.74 0.35375965
4026.18 0.35470265
4026.62 0.35564741
4027.07 0.3566026
4027.51 0.35754883
4027.95 0.35850084
4028.39 0.35945472
4028.83 0.36040485
4029.27 0.3613554
4029.71 0.36231247
4030.16 0.36337608
4030.6 0.36461157
4031.04 0.36584765
4031.48 0.367092
4031.92 0.36833736
4032.36 0.3695785
4032.8 0.37082002
4033.25 0.37206963
4033.69 0.3733203
4034.13 0.3745721
4034.57 0.37581918
4035.02 0.3770742
4035.46 0.3783306
4035.9 0.3795814
4036.34 0.3808337
4036.79 0.382094
4037.23 0.38335478
4037.67 0.38461146
4038.12 0.38588163
4038.56 0.38714722
4039.0 0.38840133
4039.44 0.38966963
4039.89 0.39093915
4040.33 0.39216897
4040.77 0.39337426
4041.21 0.39459372
4041.66 0.39581352
4042.1 0.39703518
4042.54 0.39824536
4042.99 0.39947486
4043.43 0.4006995
4043.87 0.40192604
4044.31 0.40314677
4044.76 0.40436935
4045.2 0.4055989
4045.64 0.40682986
4046.09 0.408055
4046.53 0.40928835
4046.97 0.41052273
4047.42 0.4117521
4047.86 0.41298875
4048.3 0.41422117
4048.75 0.41545972
4049.19 0.41669384
4049.64 0.417935
4050.08 0.4192106
4050.52 0.420681
4050.97 0.42215306
4051.41 0.42362586
4051.86 0.42509982
4052.3 0.4265603
4052.74 0.428037
4053.19 0.42951503
4053.63 0.43099445
4054.08 0.43247482
4054.52 0.43395653
4054.97 0.4354332
4055.41 0.43691766
4055.85 0.43839696
4056.3 0.43988436
4056.74 0.44137368
4057.19 0.44285622
4057.63 0.444341
4058.08 0.4458342
4058.52 0.447328
4058.97 0.44881552
4059.41 0.45031145
4059.86 0.4518097
4060.3 0.45303226
4060.75 0.45413256
4061.19 0.45522788
4061.64 0.4563298
4062.08 0.45742667
4062.53 0.45853072
4062.97 0.45963585
4063.42 0.46074226
4063.86 0.46184364
4064.31 0.4629465
4064.75 0.4640555
4065.2 0.46516603
4065.64 0.466272
4066.09 0.46737832
4066.53 0.46849227
4066.98 0.46961227
4067.43 0.4707218
4067.87 0.47183785
4068.32 0.4729558
4068.76 0.4740635
4069.21 0.47518328
4069.66 0.47630423
4070.1 0.4774132
4070.55 0.47847784
4070.99 0.4795384
4071.44 0.4806054
4071.89 0.4816732
4072.33 0.48273638
4072.78 0.4838055
4073.22 0.484871
4073.67 0.4859431
4074.12 0.48701075
4074.56 0.48808455
4075.01 0.48915955
4075.46 0.49023104
4075.91 0.49130946
4076.35 0.49238202
4076.8 0.4934612
4077.24 0.49453622
4077.69 0.49561766
4078.14 0.49670506
4078.59 0.4977885
4079.03 0.49886206
4079.48 0.49994746
4079.93 0.50103426
4080.37 0.50163525
4080.82 0.5021484
4081.27 0.50266135
4081.72 0.5031751
4082.16 0.50368357
4082.61 0.50419813
4083.06 0.5047155
4083.51 0.5052305
4083.95 0.5057432
4084.4 0.50625914
4084.85 0.5067755
4085.3 0.5072898
4085.74 0.50780433
4086.19 0.5083218
4086.64 0.5088397
4087.09 0.5093555
4087.53 0.50987446
4087.98 0.510394
4088.43 0.5109108
4088.88 0.5114303
4089.32 0.5119483
4089.77 0.5124697
4090.22 0.51304376
4090.67 0.5136773
4091.12 0.51431173
4091.57 0.5149469
4092.02 0.51557916
4092.46 0.5162116
4092.91 0.5168481
4093.36 0.51748586
4093.81 0.51812065
4094.26 0.5187622
4094.71 0.5194007
4095.16 0.5200367
4095.61 0.5206723
4096.06 0.52131236
4096.5 0.5219534
4096.95 0.522595
4097.4 0.52323025
4097.85 0.52387226
4098.3 0.52451485
4098.75 0.5251576
4099.2 0.52579844
4099.65 0.526442
4100.1 0.5270708
4100.55 0.52763975
4100.99 0.52820814
4101.44 0.5287803
4101.89 0.52935356
4102.34 0.5299229
4102.79 0.5304964
4103.24 0.53107023
4103.69 0.5316412
4104.14 0.5322155
4104.59 0.53278816
4105.04 0.53336346
4105.49 0.5339355
4105.94 0.5345117
4106.39 0.5350847
4106.84 0.535662
4107.29 0.53623635
4107.74 0.5368171
4108.19 0.537395
4108.64 0.5379741
4109.09 0.53854764
4109.54 0.539127
4109.99 0.53970635
4110.44 0.5404993
4110.9 0.541297
4111.35 0.54209155
4111.8 0.54289013
4112.24 0.5436858
4112.7 0.54448634
4113.15 0.54528296
4113.6 0.5460847
4114.05 0.5468821
4114.5 0.54768556
4114.95 0.5484886
4115.4 0.54928905
4115.85 0.5500935
4116.3 0.5508994
4116.75 0.5517013
4117.2 0.5525038
4117.66 0.55331063
4118.11 0.55411786
4118.56 0.5549316
4119.01 0.5557336
4119.46 0.556543
4119.91 0.55735373
4120.37 0.5581247
4120.81 0.5588798
4121.27 0.5596433
4121.72 0.56040764
4122.17 0.56117177
4122.62 0.5619283
4123.07 0.5626937
4123.53 0.5634606
4123.98 0.56422734
4124.43 0.56499314
4124.88 0.5657607
4125.34 0.5665247
4125.79 0.56728905
4126.24 0.56805813
4126.69 0.56882703
4127.15 0.5695972
4127.6 0.57036453
4128.05 0.57113576
4128.5 0.57190776
4128.95 0.5726766
4129.4 0.57344544
4129.86 0.57421887
4130.31 0.5751287
4130.76 0.5760973
4131.22 0.57707214
4131.67 0.5780436
4132.12 0.5790238
4132.57 0.57999617
4133.03 0.58096856
4133.48 0.5819468
4133.93 0.58292645
4134.39 0.5839007
4134.84 0.58487976
4135.3 0.5858663
4135.74 0.5868377
4136.2 0.5878201
4136.65 0.5888029
4137.11 0.58978754
4137.56 0.5907627
4138.01 0.5917478
4138.47 0.5927336
4138.92 0.59371895
4139.37 0.5946976
4139.82 0.59568655
4140.28 0.5963964
4140.73 0.5969256
4141.19 0.59745795
4141.64 0.59798807
4142.1 0.59852165
4142.55 0.5990517
4143.0 0.59958553
4143.46 0.60011965
4143.91 0.6006539
4144.37 0.6011871
4144.82 0.60172284
4145.27 0.6022558
4145.73 0.60279197
4146.18 0.603326
4146.64 0.6038634
4147.09 0.6044016
4147.54 0.604934
4148.0 0.6054725
4148.46 0.60601336
4148.91 0.6065522
4149.36 0.607086
4149.82 0.6076267
4150.27 0.6081184
4150.73 0.60857916
4151.18 0.6090376
4151.64 0.6094975
4152.1 0.6099583
4152.55 0.6104172
4153.01 0.61087877
4153.46 0.61133987
4153.91 0.6117985
4154.37 0.61225826
4154.82 0.6127217
4155.28 0.61318415
4155.73 0.6136449
4156.19 0.614105
4156.65 0.614571
4157.1 0.6150348
4157.56 0.615497
4158.01 0.61595905
4158.47 0.6164227
4158.93 0.6168863
4159.38 0.617349
4159.84 0.61781365
4160.29 0.61796314
4160.75 0.61793625
4161.2 0.61790943
4161.66 0.61788225
4162.12 0.6178549
4162.57 0.6178266
4163.03 0.6177986
4163.48 0.61777097
4163.94 0.6177432
4164.4 0.6177153
4164.85 0.6176867
4165.31 0.61765844
4165.77 0.6176295
4166.22 0.6176016
4166.68 0.61757356
4167.14 0.617545
4167.59 0.61751586
4168.05 0.6174867
4168.51 0.6174571
4168.97 0.61742735
4169.42 0.61739844
4169.88 0.61736935
4170.33 0.6175306
4170.79 0.6177622
4171.25 0.6179936
4171.71 0.6182269
4172.16 0.6184586
4172.62 0.61869097
4173.08 0.6189235
4173.54 0.6191564
4173.99 0.61938804
4174.45 0.6196206
4174.91 0.6198519
4175.36 0.6200849
4175.82 0.62031823
4176.28 0.62055045
4176.74 0.62078404
4177.2 0.6210173
4177.65 0.62125075
4178.11 0.62148285
4178.57 0.62171566
4179.03 0.6219496
4179.49 0.6221834
4179.94 0.6224157
4180.4 0.62243515
4180.86 0.62242323
4181.32 0.6224111
4181.78 0.62239885
4182.23 0.6223863
4182.69 0.6223735
4183.15 0.62236077
4183.61 0.62234807
4184.07 0.62233555
4184.53 0.62232256
4184.98 0.62230957
4185.44 0.6222965
4185.9 0.6222831
4186.36 0.6222699
4186.82 0.6222564
4187.28 0.6222426
4187.74 0.6222286
4188.2 0.6222148
4188.65 0.62220174
4189.11 0.6221879
4189.57 0.6221724
4190.03 0.62220085
4190.49 0.6227979
4190.95 0.62339777
4191.41 0.62399757
4191.87 0.62459517
4192.33 0.6251967
4192.79 0.6257985
4193.25 0.62639695
4193.71 0.62699926
4194.17 0.627601
4194.63 0.62820286
4195.09 0.628799
4195.55 0.6294022
4196.01 0.6300064
4196.47 0.6306095
4196.92 0.6312068
4197.38 0.6318113
4197.85 0.6324193
4198.31 0.63302445
4198.77 0.6336266
4199.23 0.6342295
4199.69 0.6348354
4200.15 0.6353801
4200.61 0.6357939
4201.07 0.63621
4201.53 0.6366254
4201.99 0.6370395
4202.45 0.63745654
4202.91 0.6378724
4203.37 0.6382894
4203.83 0.63870424
4204.29 0.6391222
4204.75 0.63953984
4205.21 0.6399559
4205.67 0.6403716
4206.13 0.6407901
4206.6 0.6412109
4207.06 0.6416263
4207.52 0.64204544
4207.98 0.6424647
4208.44 0.64288384
4208.9 0.6433018
4209.36 0.64372164
4209.82 0.64414245
4210.29 0.6448941
4210.75 0.64584553
4211.21 0.6468006
4211.67 0.6477533
4212.13 0.6487108
4212.59 0.64966345
4213.06 0.65062314
4213.52 0.6515773
4213.98 0.65253294
4214.44 0.6534936
4214.9 0.65445894
4215.36 0.6554147
4215.82 0.6563709
4216.29 0.65733343
4216.75 0.6582968
4217.21 0.65926087
4217.67 0.66021913
4218.14 0.6611844
4218.6 0.66214967
4219.06 0.6631113
4219.52 0.6640726
4219.98 0.6650397
4220.45 0.6655485
4220.91 0.66603976
4221.37 0.66653425
4221.83 0.6670257
4222.3 0.66752034
4222.76 0.6680137
4223.23 0.6685117
4223.69 0.6690062
4224.15 0.6694996
4224.61 0.66999334
4225.07 0.6704896
4225.54 0.67098594
4226.0 0.6714791
4226.47 0.67197585
4226.93 0.6724732
4227.39 0.6729706
4227.85 0.673466
4228.32 0.673962
4228.78 0.67446035
4229.25 0.6749587
4229.71 0.6754543
4230.17 0.67611295
4230.63 0.67704165
4231.1 0.677975
4231.56 0.6789101
4232.03 0.67984086
4232.49 0.6807748
4232.95 0.68170524
4233.42 0.68264085
4233.88 0.68357193
4234.35 0.6845083
4234.81 0.6854458
4235.27 0.6863828
4235.74 0.6873202
4236.2 0.6882493
4236.67 0.68918854
4237.13 0.69012827
4237.6 0.6910671
4238.06 0.6919982
4238.52 0.6929389
4238.99 0.69387984
4239.45 0.69482136
4239.92 0.695764
4240.38 0.6963435
4240.85 0.69684356
4241.31 0.69734675
4241.78 0.69784826
4242.24 0.6983529
4242.71 0.69885755
4243.17 0.6993603
4243.64 0.69986546
4244.1 0.7003702
4244.57 0.7008723
4245.03 0.7013737
4245.5 0.70188
4245.96 0.702386
4246.43 0.70288914
4246.89 0.7033947
4247.36 0.70389843
4247.82 0.7044053
4248.29 0.7049122
4248.75 0.70541686
4249.22 0.70592356
4249.69 0.7064309
4250.15 0.7070257
4250.62 0.7078062
4251.08 0.70859015
4251.55 0.70937806
4252.02 0.7101584
4252.48 0.71094364
4252.95 0.71172833
4253.41 0.7125109
4253.88 0.71329254
4254.35 0.7140795
4254.81 0.71486574
4255.28 0.7156526
4255.74 0.7164323
4256.21 0.71722007
4256.68 0.7180127
4257.15 0.7187974
4257.61 0.719582
4258.08 0.7203724
4258.55 0.7211616
4259.01 0.721948
4259.48 0.72273797
4259.95 0.72352827
4260.41 0.723842
4260.88 0.7240947
4261.34 0.72434616
4261.81 0.72459906
4262.28 0.72485083
4262.75 0.7251036
4263.21 0.725355
4263.68 0.72560674
4264.15 0.725858
4264.61 0.7261116
4265.08 0.72636646
4265.55 0.726619
4266.02 0.7268696
4266.48 0.7271238
4266.95 0.72737783
4267.42 0.7276318
4267.89 0.727883
4268.36 0.72813785
4268.82 0.72839093
4269.29 0.7286443
4269.76 0.7288992
4270.23 0.72934806
4270.7 0.7300059
4271.16 0.7306618
4271.63 0.73132014
4272.1 0.7319799
4272.57 0.73263687
4273.03 0.73329365
4273.5 0.73395336
4273.97 0.7346132
4274.44 0.73527014
4274.91 0.73593086
4275.38 0.7365915
4275.85 0.7372498
4276.31 0.737912
4276.78 0.7385737
4277.25 0.7392361
4277.72 0.73989826
4278.19 0.740554
4278.66 0.7412184
4279.13 0.7418822
4279.6 0.74254555
4280.06 0.74314505
4280.53 0.74338526
4281.0 0.74362504
4281.47 0.7438645
4281.94 0.7441063
4282.41 0.7443463
4282.88 0.7445863
4283.35 0.74482423
4283.82 0.74506515
4284.29 0.7453058
4284.76 0.7455461
4285.23 0.745786
4285.7 0.7460266
4286.17 0.7462664
4286.64 0.74650794
4287.11 0.7467486
4287.58 0.7469883
4288.05 0.74722874
4288.52 0.74746895
4288.99 0.74771106
4289.46 0.7479518
4289.93 0.74819374
4290.4 0.748683
4290.87 0.74922055
4291.34 0.749759
4291.81 0.7502981
4292.28 0.7508344
4292.75 0.7513698
4293.22 0.75190866
4293.69 0.75244814
4294.16 0.7529877
4294.63 0.7535276
4295.1 0.75406796
4295.57 0.7546035
4296.04 0.7551446
4296.51 0.75568485
4296.99 0.75622517
4297.45 0.7567621
4297.93 0.75730395
4298.4 0.7578466
4298.87 0.7583889
4299.34 0.75893086
4299.81 0.75946987
4300.28 0.75973
4300.75 0.7598008
4301.23 0.7598721
4301.7 0.75994277
4302.17 0.7600134
4302.64 0.7600835
4303.11 0.7601538
4303.58 0.7602255
4304.05 0.7602968
4304.52 0.7603671
4305.0 0.7604379
4305.47 0.7605086
4305.94 0.76057905
4306.41 0.7606499
4306.88 0.7607212
4307.36 0.76079226
4307.83 0.7608636
4308.3 0.76093507
4308.77 0.7610061
4309.25 0.7610773
4309.72 0.7611481
4310.19 0.76138306
4310.66 0.76186866
4311.14 0.7623499
4311.61 0.762834
4312.08 0.76331884
4312.55 0.76380104
4313.02 0.7642842
4313.5 0.76477
4313.97 0.76525605
4314.44 0.7657418
4314.91 0.76622355
4315.39 0.76671016
4315.86 0.7671971
4316.34 0.7676834
4316.81 0.76816785
4317.28 0.76865524
4317.75 0.76914227
4318.23 0.7696285
4318.7 0.77011687
4319.18 0.770605
4319.65 0.7710931
4320.12 0.771484
4320.59 0.7715999
4321.07 0.7717162
4321.54 0.7718319
4322.01 0.7719467
4322.49 0.77206314
4322.96 0.77218
4323.44 0.77229655
4323.91 0.7724125
4324.38 0.7725286
4324.86 0.77264583
4325.33 0.77276075
4325.81 0.77287704
4326.28 0.7729933
4326.76 0.7731097
4327.23 0.77322483
4327.7 0.7733415
4328.18 0.773458
4328.65 0.77357465
4329.13 0.77369165
4329.6 0.7738072
4330.07 0.7739548
4330.55 0.7742717
4331.02 0.7745903
4331.5 0.7749097
4331.97 0.77522695
4332.44 0.77554446
4332.92 0.77586395
4333.4 0.7761831
4333.87 0.7765025
4334.35 0.77682066
4334.82 0.7771403
4335.3 0.7774584
4335.77 0.7777782
4336.24 0.7780964
4336.72 0.77841747
4337.2 0.7787372
4337.67 0.77905387
4338.15 0.7793741
4338.62 0.7796942
4339.1 0.7800148
4339.57 0.78033274
4340.05 0.7806354
4340.52 0.7807766
4341.0 0.78091764
4341.48 0.78105783
4341.95 0.78119946
4342.43 0.7813402
4342.9 0.7814815
4343.38 0.78162193
4343.86 0.7817621
4344.33 0.781903
4344.81 0.78204423
4345.29 0.7821864
4345.76 0.78232795
4346.24 0.7824687
4346.71 0.7826092
4347.19 0.7827506
4347.67 0.7828922
4348.14 0.78303325
4348.62 0.78317434
4349.1 0.7833164
4349.57 0.7834585
4350.05 0.7836236
4350.52 0.783985
4351.0 0.7843484
4351.48 0.7847114
4351.96 0.7850726
4352.43 0.78543466
4352.91 0.785799
4353.39 0.7861636
4353.87 0.78652847
4354.34 0.7868928
4354.82 0.78725666
4355.3 0.7876172
4355.77 0.7879821
4356.25 0.78834707
4356.73 0.7887125
4357.2 0.78907436
4357.68 0.78944
4358.16 0.78980476
4358.64 0.7901702
4359.12 0.7905359
4359.59 0.7908989
4360.07 0.7912472
4360.55 0.79150313
4361.03 0.7917577
4361.5 0.79201066
4361.98 0.7922651
4362.46 0.7925205
4362.94 0.7927762
4363.42 0.79302984
4363.9 0.79328465
4364.37 0.7935394
4364.85 0.79379547
4365.33 0.7940509
4365.81 0.7943048
4366.29 0.7945595
4366.77 0.7948155
4367.24 0.7950719
4367.72 0.7953271
4368.2 0.7955834
4368.68 0.7958393
4369.16 0.79609567
4369.64 0.796351
4370.12 0.79660845
4370.6 0.796872
4371.08 0.7971372
4371.56 0.79739887
4372.03 0.797662
4372.51 0.7979253
4372.99 0.7981901
4373.47 0.79845303
4373.95 0.79871744
4374.43 0.79898065
4374.91 0.7992439
4375.39 0.7995089
4375.87 0.79977393
4376.35 0.80003834
4376.83 0.8003015
4377.31 0.80056643
4377.79 0.80083203
4378.27 0.8010975
4378.74 0.8013609
4379.23 0.8016262
4379.71 0.8018921
4380.19 0.80212116
4380.66 0.802296
4381.15 0.80247164
4381.63 0.8026475
4382.11 0.80282253
4382.59 0.80299866
4383.07 0.803174
4383.55 0.8033502
4384.03 0.8035258
4384.51 0.8037011
4384.99 0.8038766
4385.47 0.8040528
4385.95 0.80422825
4386.43 0.80440474
4386.91 0.804581
4387.39 0.8047557
4387.87 0.80493134
4388.35 0.80510896
4388.84 0.805286
4389.31 0.8054603
4389.8 0.805636
4390.28 0.8056711
4390.76 0.80560374
4391.24 0.8055364
4391.72 0.80546945
4392.2 0.80540174
4392.69 0.8053344
4393.16 0.80526674
4393.65 0.80519825
4394.13 0.80513036
4394.61 0.80506325
4395.09 0.80499613
4395.57 0.8049284
4396.06 0.80486137
4396.53 0.8047944
4397.02 0.8047262
4397.5 0.8046585
4397.98 0.8045911
4398.46 0.8045232
4398.95 0.8044545
4399.43 0.8043869
4399.91 0.8043197
4400.39 0.8042135
4400.87 0.8040983
4401.36 0.8039824
4401.84 0.80386716
4402.32 0.80375177
4402.81 0.80363643
4403.29 0.80352116
4403.77 0.8034067
4404.25 0.80329096
4404.73 0.80317503
4405.22 0.8030587
4405.7 0.80294234
4406.19 0.80282575
4406.67 0.80271006
4407.15 0.8025941
4407.63 0.8024787
4408.12 0.8023628
4408.6 0.8022466
4409.08 0.8021313
4409.56 0.80201477
4410.05 0.8019252
4410.53 0.8020816
4411.01 0.8022372
4411.5 0.8023935
4411.98 0.80254996
4412.46 0.80270636
4412.95 0.8028637
4413.43 0.8030199
4413.92 0.8031768
4414.4 0.80333316
4414.89 0.8034897
4415.37 0.8036465
4415.85 0.80380297
4416.33 0.8039592
4416.82 0.804116
4417.31 0.80427307
4417.79 0.8044289
4418.27 0.8045854
4418.76 0.8047434
4419.24 0.804901
4419.73 0.80505747
4420.21 0.80509657
4420.69 0.804981
4421.18 0.8048646
4421.66 0.80474836
4422.15 0.804632
4422.63 0.8045149
4423.12 0.80439806
4423.6 0.80428123
4424.09 0.8041652
4424.57 0.80404806
4425.05 0.8039315
4425.54 0.80381376
4426.02 0.8036961
4426.51 0.8035793
4426.99 0.8034629
4427.48 0.80334574
4427.97 0.8032283
4428.45 0.8031109
4428.94 0.8029928
4429.42 0.802875
4429.91 0.80275714
4430.4 0.8029534
4430.88 0.8032199
4431.36 0.8034896
4431.85 0.8037607
4432.34 0.8040292
4432.82 0.8042993
4433.31 0.8045677
4433.79 0.80483717
4434.28 0.8051054
4434.77 0.80537516
4435.25 0.8056432
4435.74 0.80591244
4436.22 0.8061808
4436.71 0.8064505
4437.19 0.8067209
4437.68 0.80699074
4438.17 0.80726105
4438.65 0.8075308
4439.14 0.8077992
4439.62 0.80806714
4440.11 0.8083226
4440.6 0.8085322
4441.09 0.8087431
4441.57 0.8089514
4442.06 0.80916196
4442.55 0.80937123
4443.04 0.8095805
4443.52 0.8097872
4444.01 0.80999607
4444.49 0.81020564
4444.98 0.8104146
4445.47 0.81062365
4445.95 0.8108327
4446.44 0.8110434
4446.93 0.81125206
4447.42 0.8114615
4447.91 0.8116715
4448.39 0.8118793
4448.88 0.81208706
4449.37 0.8122969
4449.86 0.8125082
4450.35 0.8128445
4450.83 0.8132321
4451.32 0.8136225
4451.81 0.8140131
4452.29 0.81440187
4452.78 0.8147906
4453.27 0.81518143
4453.76 0.81557137
4454.25 0.8159601
4454.73 0.8163503
4455.22 0.8167413
4455.71 0.8171324
4456.2 0.8175217
4456.69 0.81791025
4457.18 0.8183009
4457.66 0.8186901
4458.15 0.81908065
4458.64 0.8194737
4459.13 0.81986475
4459.62 0.820252
4460.11 0.82063353
4460.6 0.8209846
4461.09 0.82133543
4461.57 0.8216808
4462.06 0.8220297
4462.55 0.82238114
4463.04 0.8227318
4463.53 0.82307893
4464.02 0.8234305
4464.51 0.823781
4465.0 0.8241299
4465.49 0.82448053
4465.98 0.82483125
4466.47 0.8251805
4466.95 0.82552975
4467.44 0.8258809
4467.94 0.82623154
4468.43 0.8265828
4468.91 0.8269327
4469.4 0.8272841
4469.89 0.8276339
4470.38 0.8280276
4470.87 0.8284312
4471.36 0.8288359
4471.85 0.82923955
4472.34 0.82964486
4472.83 0.8300502
4473.32 0.8304561
4473.82 0.83086205
4474.3 0.83126426
4474.79 0.83167034
4475.28 0.8320763
4475.78 0.83248246
4476.27 0.83288807
4476.76 0.83329463
4477.25 0.8336993
4477.74 0.8341035
4478.23 0.8345099
4478.72 0.83491576
4479.21 0.83532244
4479.7 0.83572567
4480.19 0.83610344
4480.68 0.8364359
4481.18 0.83676887
4481.67 0.83710015
4482.16 0.8374332
4482.65 0.83776593
4483.14 0.83809716
4483.63 0.83842963
4484.12 0.8387605
4484.61 0.83909357
4485.1 0.83942544
4485.6 0.839758
4486.09 0.840091
4486.58 0.84042406
4487.07 0.84075564
4487.56 0.8410873
4488.06 0.84142053
4488.55 0.84175265
4489.04 0.8420833
4489.53 0.8424154
4490.02 0.84275043
4490.51 0.8431205
4491.01 0.84349036
4491.5 0.8438617
4491.99 0.8442331
4492.48 0.8445994
4492.98 0.84496975
4493.47 0.84534043
4493.96 0.8457116
4494.45 0.84608096
4494.95 0.84644884
4495.44 0.84682107
4495.93 0.84719145
4496.43 0.84756243
4496.92 0.8479326
4497.41 0.8483019
4497.9 0.84867084
4498.4 0.849043
4498.89 0.84941477
4499.38 0.8497854
4499.88 0.8501541
4500.37 0.85035414
4500.86 0.8504955
4501.35 0.8506372
4501.85 0.85077804
4502.34 0.8509198
4502.84 0.85106206
4503.33 0.85120165
4503.82 0.851342
4504.32 0.8514837
4504.81 0.85162616
4505.3 0.8517658
4505.8 0.85190666
4506.29 0.8520477
4506.78 0.8521893
4507.27 0.85232896
4507.77 0.8524703
4508.27 0.8526124
4508.76 0.8527527
4509.25 0.8528938
4509.75 0.853035
4510.24 0.8532311
4510.73 0.8534801
4511.23 0.85373133
4511.73 0.85398257
4512.22 0.85423404
4512.71 0.85448474
4513.21 0.8547365
4513.7 0.8549886
4514.2 0.8552389
4514.69 0.8554901
4515.19 0.8557409
4515.68 0.85599285
4516.18 0.8562438
4516.67 0.8564963
4517.17 0.85674834
4517.66 0.85699874
4518.16 0.8572484
4518.65 0.85749876
4519.15 0.85775095
4519.64 0.8580032
4520.14 0.8581983
4520.64 0.85824823
4521.13 0.8582978
4521.62 0.8583481
4522.12 0.85839856
4522.62 0.8584492
4523.11 0.8584995
4523.6 0.858549
4524.1 0.8585992
4524.6 0.85864985
4525.1 0.8587003
4525.59 0.85875046
4526.08 0.8588006
4526.58 0.85885113
4527.08 0.8589012
4527.57 0.8589505
4528.07 0.8590004
4528.57 0.8590504
4529.06 0.8591
4529.56 0.8591504
4530.06 0.85919505
4530.55 0.8591929
4531.05 0.8591906
4531.55 0.8591882
4532.04 0.8591858
4532.54 0.85918313
4533.03 0.85918033
4533.53 0.85917753
4534.03 0.85917443
4534.52 0.85917205
4535.02 0.85916954
4535.52 0.85916734
4536.02 0.85916466
4536.51 0.85916156
4537.01 0.85915864
4537.51 0.85915524
4538.01 0.85915154
4538.51 0.8591492
4539.0 0.85914624
4539.5 0.85914403
4540.0 0.8591414
4540.49 0.85910964
4540.99 0.85907805
4541.49 0.8590489
4541.99 0.8590195
4542.48 0.8589901
4542.98 0.85896045
4543.48 0.8589287
4543.98 0.85889775
4544.48 0.858867
4544.98 0.85883677
4545.47 0.85880524
4545.97 0.8587739
4546.47 0.8587436
4546.97 0.8587135
4547.47 0.8586819
4547.96 0.85865027
4548.46 0.85862005
4548.96 0.8585896
4549.46 0.85855806
4549.96 0.8585264
4550.45 0.8583146
4550.95 0.8580851
4551.45 0.857856
4551.95 0.85762566
4552.45 0.8573973
4552.95 0.8571671
4553.45 0.8569373
4553.95 0.8567074
4554.45 0.85647696
4554.94 0.8562486
4555.44 0.8560183
4555.94 0.85578716
4556.44 0.85555786
4556.94 0.85532796
4557.44 0.85509825
4557.94 0.8548675
4558.44 0.8546365
4558.94 0.8544065
4559.44 0.8541769
4559.94 0.85394585
4560.44 0.85386574
4560.94 0.85380584
4561.44 0.85374457
4561.94 0.85368323
4562.44 0.85362285
4562.94 0.85356313
4563.44 0.85350287
4563.94 0.8534421
4564.44 0.8533813
4564.94 0.85331976
4565.44 0.8532589
4565.94 0.853197
4566.44 0.8531371
4566.94 0.8530769
4567.44 0.85301465
4567.94 0.85295326
4568.44 0.8528917
4568.94 0.85282993
4569.44 0.85276854
4569.94 0.8527078
4570.44 0.8524733
4570.94 0.85221595
4571.45 0.8519574
4571.95 0.8517009
4572.45 0.85144234
4572.95 0.8511844
4573.45 0.8509278
4573.95 0.8506722
4574.45 0.85041356
4574.96 0.8501546
4575.46 0.8498975
4575.96 0.84963936
4576.46 0.84938055
4576.96 0.84912324
4577.46 0.8488659
4577.96 0.84860766
4578.47 0.8483488
4578.97 0.8480906
4579.47 0.84783196
4579.97 0.84757346
4580.48 0.84763694
4580.98 0.8477199
4581.48 0.847802
4581.98 0.8478846
4582.48 0.84796816
4582.98 0.8480516
4583.49 0.8481347
4583.99 0.8482178
4584.49 0.8483013
4584.99 0.8483836
4585.5 0.8484669
4586.0 0.8485499
4586.5 0.84863216
4587.0 0.84871435
4587.51 0.8487969
4588.01 0.8488797
4588.51 0.84896237
4589.01 0.84904534
4589.52 0.8491282
4590.02 0.84920615
4590.52 0.8491931
4591.03 0.8491799
4591.53 0.8491674
4592.03 0.84915453
4592.54 0.84914255
4593.04 0.84913015
4593.55 0.84911627
4594.05 0.84910274
4594.55 0.84909093
4595.05 0.8490791
4595.56 0.84906584
4596.06 0.84905195
4596.56 0.84903866
4597.07 0.8490251
4597.57 0.8490116
4598.07 0.8489981
4598.58 0.84898454
4599.09 0.8489709
4599.59 0.84895813
4600.09 0.84904015
4600.6 0.8495537
4601.1 0.8500667
4601.61 0.85057956
4602.11 0.8510898
4602.61 0.85160327
4603.12 0.8521161
4603.62 0.85262656
4604.13 0.8531394
4604.63 0.8536509
4605.14 0.8541642
4605.64 0.854675
4606.15 0.8551879
4606.65 0.8556989
4607.15 0.8562122
4607.66 0.85672635
4608.17 0.85724056
4608.67 0.8577544
4609.17 0.8582638
4609.68 0.858779
4610.19 0.8591161
4610.69 0.85914713
4611.2 0.85917777
4611.7 0.8592083
4612.21 0.8592387
4612.72 0.859269
4613.22 0.8592996
4613.72 0.8593304
4614.23 0.8593619
4614.74 0.8593931
4615.24 0.8594241
4615.74 0.85945505
4616.25 0.8594851
4616.76 0.8595149
4617.26 0.8595453
4617.77 0.85957706
4618.28 0.8596074
4618.78 0.8596376
4619.29 0.85966814
4619.8 0.859698
4620.3 0.8600681
4620.81 0.86066395
4621.31 0.86126244
4621.82 0.8618612
4622.33 0.86245745
4622.84 0.8630572
4623.34 0.8636546
4623.85 0.8642548
4624.35 0.8648512
4624.86 0.86545044
4625.37 0.8660482
4625.87 0.86664987
4626.38 0.86724645
4626.89 0.8678456
4627.4 0.8684463
4627.9 0.8690465
4628.41 0.8696451
4628.92 0.87025064
4629.43 0.87085205
4629.93 0.87144685
4630.44 0.871917
4630.95 0.87236595
4631.46 0.8728156
4631.96 0.8732608
4632.47 0.87370944
4632.98 0.87415785
4633.49 0.87460786
4633.99 0.87505436
4634.5 0.87550396
4635.01 0.8759535
4635.52 0.8764021
4636.02 0.87685126
4636.53 0.8773009
4637.04 0.8777489
4637.55 0.87819654
4638.06 0.87864685
4638.57 0.87909615
4639.07 0.8795453
4639.58 0.87999415
4640.09 0.8804217
4640.6 0.8807375
4641.1 0.88105345
4641.61 0.88137084
4642.12 0.8816886
4642.63 0.8820046
4643.14 0.88232243
4643.65 0.8826385
4644.16 0.88295645
4644.67 0.8832761
4645.18 0.8835931
4645.69 0.88391113
4646.2 0.8842286
4646.71 0.88454646
4647.22 0.8848647
4647.73 0.88518316
4648.23 0.88550013
4648.74 0.8858174
4649.25 0.88613605
4649.76 0.8864547
4650.27 0.88674825
4650.78 0.8870217
4651.29 0.8872971
4651.8 0.88757277
4652.31 0.8878482
4652.82 0.8881206
4653.33 0.88839555
4653.84 0.88866967
4654.35 0.88894546
4654.86 0.88922
4655.37 0.88949543
4655.88 0.8897704
4656.39 0.89004475
4656.9 0.89032054
4657.41 0.89059603
4657.92 0.89087117
4658.43 0.89114594
4658.94 0.89142126
4659.45 0.891697
4659.97 0.8919725
4660.47 0.892497
4660.98 0.89304
4661.49 0.89358485
4662.01 0.8941296
4662.52 0.8946724
4663.03 0.895218
4663.54 0.8957663
4664.05 0.8963073
4664.56 0.89685297
4665.07 0.89739925
4665.59 0.89794636
4666.1 0.89849377
4666.61 0.8990369
4667.12 0.899583
4667.63 0.9001263
4668.14 0.90067315
4668.65 0.9012175
4669.17 0.9017653
4669.68 0.9023099
4670.19 0.90270036
4670.7 0.90282106
4671.21 0.90294075
4671.72 0.90306085
4672.23 0.9031811
4672.75 0.90330184
4673.26 0.9034219
4673.77 0.9035413
4674.28 0.90366155
4674.8 0.90378207
4675.31 0.90390223
4675.82 0.9040237
4676.34 0.90414375
4676.85 0.9042638
4677.36 0.9043836
4677.87 0.90450484
4678.39 0.9046249
4678.9 0.9047442
4679.41 0.9048641
4679.92 0.90498453
4680.44 0.90489036
4680.95 0.904757
4681.46 0.9046262
4681.98 0.90449387
4682.49 0.9043625
4683.0 0.904231
4683.51 0.9040969
4684.03 0.903963
4684.54 0.90383035
4685.05 0.9036984
4685.57 0.9035649
4686.08 0.90343124
4686.6 0.90329844
4687.11 0.9031663
4687.62 0.9030327
4688.14 0.90289944
4688.65 0.9027653
4689.16 0.90263283
4689.68 0.9024991
4690.19 0.90240467
4690.7 0.9023771
4691.22 0.90234864
4691.73 0.9023204
4692.25 0.90229297
4692.76 0.902266
4693.28 0.90223813
4693.79 0.9022097
4694.31 0.9021819
4694.82 0.90215445
4695.34 0.90212595
4695.85 0.90209746
4696.36 0.9020694
4696.88 0.9020413
4697.39 0.9020132
4697.91 0.90198475
4698.42 0.90195686
4698.94 0.90192866
4699.45 0.90189964
4699.97 0.90187114
4700.48 0.90191305
4701.0 0.90195996
4701.51 0.90200603
4702.03 0.90205187
4702.54 0.90209824
4703.06 0.9021445
4703.58 0.9021917
4704.09 0.90223837
4704.61 0.90228474
4705.12 0.9023309
4705.64 0.9023775
4706.15 0.90242356
4706.67 0.90247
4707.18 0.9025161
4707.7 0.90256184
4708.21 0.90260714
4708.73 0.9026532
4709.25 0.90269905
4709.76 0.9027443
4710.28 0.90294975
4710.8 0.903292
4711.31 0.9036344
4711.83 0.9039757
4712.35 0.90431845
4712.86 0.904661
4713.38 0.90500456
4713.9 0.9053466
4714.41 0.90568924
4714.93 0.9060301
4715.44 0.9063717
4715.96 0.906712
4716.48 0.9070551
4716.99 0.90739596
4717.51 0.9077354
4718.03 0.9080772
4718.55 0.9084193
4719.06 0.90876144
4719.58 0.9091028
4720.1 0.9093201
4720.61 0.90899
4721.13 0.9086606
4721.65 0.9083326
4722.17 0.90800315
4722.69 0.9076736
4723.2 0.90734535
4723.72 0.9070162
4724.24 0.90668637
4724.76 0.90635675
4725.27 0.90602756
4725.79 0.9056967
4726.31 0.90536594
4726.83 0.9050339
4727.34 0.9047034
4727.86 0.90437216
4728.38 0.90403944
4728.9 0.9037098
4729.42 0.9033799
4729.94 0.9030483
4730.45 0.90311843
4730.97 0.90324485
4731.49 0.90337265
4732.01 0.9035007
4732.53 0.903629
4733.05 0.9037567
4733.56 0.90388465
4734.08 0.9040129
4734.6 0.9041395
4735.12 0.9042662
4735.64 0.90439415
4736.16 0.9045227
4736.68 0.90465075
4737.2 0.904778
4737.72 0.90490586
4738.24 0.9050339
4738.75 0.90516067
4739.27 0.9052883
4739.8 0.90541637
4740.31 0.90542984
4740.83 0.9053684
4741.35 0.9053067
4741.88 0.90524477
4742.39 0.90518314
4742.91 0.90512115
4743.43 0.9050598
4743.95 0.9049988
4744.47 0.904936
4744.99 0.90487283
4745.51 0.90481067
4746.03 0.9047482
4746.55 0.90468705
4747.07 0.9046251
4747.59 0.90456194
4748.11 0.9044988
4748.63 0.904437
4749.15 0.90437406
4749.68 0.9043121
4750.19 0.9044932
4750.72 0.9050857
4751.24 0.9056782
4751.76 0.9062676
4752.27 0.9068578
4752.8 0.90745044
4753.32 0.9080437
4753.84 0.908637
4754.36 0.9092241
4754.88 0.9098179
4755.4 0.9104125
4755.92 0.911007
4756.44 0.91159856
4756.97 0.91219395
4757.49 0.9127871
4758.01 0.91337794
4758.53 0.913973
4759.05 0.9145678
4759.57 0.9151623
4760.1 0.91564965
4760.62 0.9156699
4761.14 0.91568977
4761.66 0.9157097
4762.18 0.9157294
4762.7 0.9157494
4763.23 0.9157691
4763.75 0.915788
4764.27 0.91580707
4764.79 0.9158258
4765.31 0.9158452
4765.84 0.91586506
4766.36 0.9158843
4766.88 0.9159037
4767.4 0.9159225
4767.93 0.91594094
4768.45 0.9159607
4768.97 0.91598046
4769.49 0.9159991
4770.02 0.91603863
4770.54 0.9166806
4771.06 0.9173262
4771.58 0.91796964
4772.11 0.9186165
4772.63 0.91926265
4773.15 0.9199059
4773.67 0.9205493
4774.2 0.9211965
4774.72 0.921844
4775.24 0.92248917
4775.77 0.92313707
4776.29 0.9237851
4776.82 0.9244325
4777.34 0.9250815
4777.86 0.9257273
4778.39 0.926376
4778.91 0.92702556
4779.44 0.92767096
4779.96 0.9283198
4780.48 0.9283342
4781.01 0.92829615
4781.53 0.92825854
4782.06 0.92822075
4782.58 0.9281833
4783.1 0.92814595
4783.62 0.92810744
4784.15 0.9280688
4784.68 0.92803013
4785.2 0.92799205
4785.72 0.92795473
4786.25 0.9279167
4786.77 0.92787796
4787.3 0.9278396
4787.82 0.9278015
4788.35 0.927763
4788.88 0.927725
4789.4 0.92768705
4789.92 0.92764854
4790.45 0.92780507
4790.97 0.927996
4791.49 0.92818487
4792.02 0.9283758
4792.55 0.92856675
4793.07 0.92875683
4793.6 0.9289485
4794.12 0.9291389
4794.65 0.9293302
4795.17 0.9295199
4795.7 0.92971
4796.23 0.9299015
4796.75 0.93009305
4797.28 0.93028325
4797.8 0.9304741
4798.33 0.9306657
4798.85 0.9308567
4799.38 0.931047
4799.91 0.93123865
4800.43 0.93131596
4800.96 0.93136805
4801.48 0.93141896
4802.01 0.93147
4802.54 0.9315216
4803.06 0.9315731
4803.59 0.93162596
4804.12 0.9316785
4804.64 0.9317293
4805.17 0.93178004
4805.69 0.9318317
4806.22 0.9318837
4806.75 0.93193597
4807.28 0.93198746
4807.8 0.9320392
4808.33 0.9320914
4808.85 0.9321437
4809.38 0.9321958
4809.91 0.932247
4810.44 0.932393
4810.96 0.9325563
4811.49 0.93272233
4812.02 0.9328881
4812.55 0.9330538
4813.07 0.93321764
4813.6 0.9333843
4814.13 0.9335504
4814.65 0.93371636
4815.18 0.9338829
4815.71 0.9340487
4816.24 0.93421483
4816.77 0.93438035
4817.3 0.9345464
4817.82 0.93471146
4818.35 0.9348779
4818.88 0.9350437
4819.41 0.9352098
4819.93 0.9353749
4820.46 0.93517137
4820.99 0.9349169
4821.52 0.93466014
4822.05 0.9344031
4822.58 0.93414813
4823.1 0.9338917
4823.64 0.9336352
4824.16 0.93337804
4824.69 0.9331227
4825.22 0.93286437
4825.75 0.93260556
4826.28 0.9323498
4826.81 0.93209374
4827.34 0.9318364
4827.86 0.9315791
4828.39 0.93132144
4828.92 0.93106264
4829.45 0.9308042
4829.98 0.9305459
4830.51 0.9306187
4831.04 0.9307025
4831.57 0.93078476
4832.1 0.93086725
4832.63 0.9309504
4833.16 0.93103343
4833.69 0.9311149
4834.22 0.9311966
4834.75 0.9312798
4835.28 0.9313625
4835.81 0.9314455
4836.34 0.931527
4836.87 0.9316094
4837.4 0.9316911
4837.93 0.931773
4838.46 0.93185556
4838.99 0.9319387
4839.52 0.93202233
4840.05 0.9320846
4840.58 0.9319404
4841.11 0.93179584
4841.64 0.93165076
4842.17 0.9315059
4842.7 0.93136203
4843.23 0.93121755
4843.77 0.9310728
4844.29 0.93092895
4844.83 0.9307827
4845.36 0.9306377
4845.89 0.9304932
4846.42 0.9303481
4846.95 0.93020266
4847.48 0.9300574
4848.01 0.92991185
4848.54 0.92976755
4849.07 0.9296235
4849.6 0.9294787
4850.14 0.92941624
4850.67 0.9295962
4851.2 0.9297764
4851.73 0.92995685
4852.26 0.93013644
4852.8 0.9303175
4853.33 0.93049765
4853.86 0.9306784
4854.39 0.93085796
4854.93 0.93103725
4855.46 0.9312183
4855.98 0.9313967
4856.52 0.93157804
4857.05 0.93175966
4857.59 0.9319403
4858.11 0.93211925
4858.65 0.9323004
4859.18 0.93248105
4859.71 0.93266225
4860.24 0.9326796
4860.78 0.9325046
4861.31 0.93233055
4861.84 0.93215656
4862.38 0.93198186
4862.91 0.93180716
4863.44 0.9316321
4863.98 0.93145794
4864.51 0.9312826
4865.04 0.931108
4865.58 0.9309319
4866.11 0.9307561
4866.64 0.93058187
4867.18 0.9304064
4867.71 0.9302313
4868.24 0.9300554
4868.77 0.9298799
4869.31 0.92970365
4869.84 0.92952824
4870.38 0.92953414
4870.91 0.929618
4871.44 0.9297007
4871.98 0.92978317
4872.51 0.9298668
4873.05 0.9299509
4873.58 0.9300343
4874.11 0.9301179
4874.65 0.93020207
4875.19 0.9302859
4875.72 0.93036836
4876.25 0.9304519
4876.79 0.9305355
4877.32 0.9306185
4877.85 0.9307004
4878.39 0.93078476
4878.92 0.93086857
4879.46 0.9309526
4879.99 0.931036
4880.52 0.93113875
4881.06 0.93124247
4881.6 0.9313448
4882.13 0.9314481
4882.67 0.9315524
4883.2 0.93165666
4883.74 0.9317596
4884.27 0.931862
4884.81 0.93196476
4885.35 0.9320683
4885.88 0.93217146
4886.41 0.9322756
4886.95 0.93237936
4887.48 0.93248266
4888.02 0.9325857
4888.56 0.9326885
4889.09 0.9327909
4889.63 0.93289536
4890.16 0.9330846
4890.7 0.9334655
4891.24 0.93384665
4891.77 0.93422467
4892.31 0.93460697
4892.85 0.9349914
4893.38 0.9353736
4893.92 0.93575406
4894.46 0.936137
4894.99 0.9365199
4895.53 0.936901
4896.06 0.93728155
4896.6 0.93766403
4897.14 0.93804663
4897.67 0.9384273
4898.21 0.93881154
4898.75 0.93919456
4899.28 0.93957835
4899.82 0.9399578
4900.36 0.94030416
4900.89 0.94062674
4901.43 0.94095
4901.97 0.9412728
4902.51 0.9415957
4903.05 0.941918
4903.58 0.9422389
4904.12 0.94256294
4904.65 0.942887
4905.19 0.9432111
4905.73 0.94353247
4906.27 0.94385636
4906.81 0.9441803
4907.34 0.9445036
4907.88 0.9448253
4908.42 0.9451487
4908.95 0.9454741
4909.49 0.9457986
4910.03 0.9461429
4910.57 0.94679743
4911.11 0.94745207
4911.65 0.9481013
4912.18 0.94875664
4912.73 0.9494166
4913.26 0.9500703
4913.8 0.9507258
4914.34 0.9513821
4914.88 0.95203596
4915.42 0.9526889
4915.96 0.95334506
4916.5 0.9540049
4917.03 0.9546642
4917.57 0.95531785
4918.11 0.9559723
4918.65 0.9566304
4919.19 0.9572891
4919.73 0.957945
4920.27 0.95830685
4920.81 0.9583643
4921.35 0.95842147
4921.89 0.9584783
4922.43 0.9585352
4922.97 0.95859224
4923.51 0.95864886
4924.04 0.95870525
4924.58 0.958763
4925.12 0.95882136
4925.66 0.9588772
4926.2 0.95893395
4926.74 0.95899093
4927.28 0.9590477
4927.82 0.95910394
4928.36 0.95916194
4928.9 0.95922035
4929.44 0.9592777
4929.98 0.9593345
4930.52 0.95943004
4931.06 0.9595271
4931.61 0.9596242
4932.14 0.95972043
4932.68 0.95981807
4933.23 0.95991534
4933.77 0.96001214
4934.31 0.96010906
4934.85 0.9602063
4935.39 0.96030354
4935.93 0.9604005
4936.47 0.96049756
4937.01 0.96059334
4937.55 0.96069086
4938.09 0.96078837
4938.63 0.96088636
4939.18 0.9609834
4939.71 0.96107864
4940.26 0.9613227
4940.8 0.96173227
4941.34 0.96214205
4941.88 0.9625517
4942.43 0.96296114
4942.97 0.96337086
4943.51 0.9637802
4944.05 0.9641861
4944.59 0.96459556
4945.13 0.96500605
4945.68 0.9654187
4946.22 0.96582663
4946.76 0.9662363
4947.3 0.9666463
4947.85 0.96705633
4948.38 0.967463
4948.93 0.9678769
4949.47 0.9682863
4950.01 0.9686912
4950.56 0.9688247
4951.1 0.9689586
4951.64 0.96909064
4952.18 0.96922433
4952.73 0.969357
4953.27 0.9694893
4953.81 0.9696221
4954.35 0.969755
4954.9 0.969889
4955.44 0.970022
4955.98 0.9701552
4956.52 0.97028774
4957.07 0.97042173
4957.61 0.97055393
4958.15 0.9706869
4958.7 0.97082114
4959.24 0.97095495
4959.79 0.97108895
4960.33 0.97120965
4960.87 0.97132385
4961.42 0.9714376
4961.96 0.97155094
4962.51 0.9716659
4963.05 0.9717806
4963.59 0.9718942
4964.14 0.9720078
4964.68 0.97212195
4965.23 0.97223663
4965.77 0.9723514
4966.31 0.9724648
4966.86 0.97257924
4967.4 0.97269344
4967.95 0.9728076
4968.49 0.97292155
4969.03 0.9730363
4969.58 0.97315043
4970.12 0.97326195
4970.67 0.97336274
4971.22 0.97346324
4971.76 0.9735632
4972.3 0.9736625
4972.85 0.97376347
4973.39 0.9738639
4973.94 0.9739644
4974.48 0.97406334
4975.03 0.97416353
4975.57 0.9742634
4976.12 0.9743636
4976.66 0.9744641
4977.21 0.97456485
4977.75 0.9746652
4978.3 0.9747652
4978.85 0.9748648
4979.39 0.9749646
4979.94 0.9750648
4980.48 0.97518444
4981.03 0.9753086
4981.58 0.9754322
4982.12 0.97555536
4982.67 0.97567856
4983.21 0.9758013
4983.76 0.97592384
4984.31 0.97604746
4984.85 0.9761709
4985.4 0.97629404
4985.94 0.97641623
4986.49 0.97653985
4987.04 0.976663
4987.58 0.97678643
4988.13 0.97690976
4988.67 0.9770338
4989.22 0.9771577
4989.77 0.97728086
4990.32 0.97750753
4990.87 0.9778099
4991.41 0.9781125
4991.96 0.9784155
4992.51 0.9787165
4993.05 0.9790198
4993.6 0.9793234
4994.15 0.9796263
4994.69 0.9799264
4995.24 0.9802298
4995.79 0.98053384
4996.34 0.9808381
4996.88 0.98113865
4997.43 0.9814423
4997.98 0.9817459
4998.53 0.98204887
4999.08 0.9823523
4999.62 0.9826574
5000.17 0.9827606
5000.72 0.9824311
5001.27 0.98209745
5001.81 0.98176306
5002.36 0.9814292
5002.91 0.9810968
5003.46 0.98076296
5004.01 0.9804273
5004.56 0.9800923
5005.11 0.9797567
5005.65 0.979425
5006.2 0.97909
5006.75 0.97875434
5007.3 0.97841865
5007.85 0.9780852
5008.4 0.9777476
5008.94 0.97741425
5009.49 0.97707754
5010.04 0.9767754
5010.59 0.97688204
5011.14 0.97698826
5011.69 0.97709394
5012.24 0.97719985
5012.79 0.97730505
5013.34 0.977412
5013.89 0.9775189
5014.44 0.9776256
5014.99 0.9777318
5015.54 0.9778396
5016.09 0.97794676
5016.64 0.9780523
5017.18 0.97815675
5017.73 0.97826266
5018.28 0.9783693
5018.84 0.97847694
5019.39 0.9785828
5019.94 0.97868866
5020.49 0.97851473
5021.03 0.9783075
5021.59 0.9780982
5022.14 0.9778891
5022.69 0.9776805
5023.23 0.9774735
5023.79 0.97726387
5024.34 0.97705406
5024.89 0.97684485
5025.44 0.9766362
5025.99 0.9764248
5026.54 0.97621435
5027.09 0.97600406
5027.64 0.97579473
5028.2 0.9755831
5028.75 0.9753713
5029.3 0.97516185
5029.85 0.9749502
5030.4 0.9748351
5030.95 0.9747569
5031.5 0.97467846
5032.06 0.97459966
5032.61 0.97452265
5033.16 0.9744453
5033.71 0.97436637
5034.26 0.97428775
5034.81 0.97420996
5035.36 0.9741309
5035.91 0.974051
5036.47 0.9739709
5037.02 0.97389114
5037.57 0.97381365
5038.12 0.973735
5038.67 0.9736546
5039.23 0.97357446
5039.78 0.973494
5040.33 0.973137
5040.89 0.9725917
5041.44 0.9720529
5041.99 0.9715072
5042.54 0.9709624
5043.1 0.9704175
5043.65 0.9698783
5044.2 0.9693326
5044.75 0.9687865
5045.31 0.9682402
5045.85 0.9676989
5046.41 0.96715224
5046.96 0.96660554
5047.52 0.9660576
5048.07 0.96550953
5048.62 0.9649606
5049.18 0.9644116
5049.73 0.9638674
5050.28 0.9637724
5050.84 0.9641129
5051.39 0.96445215
5051.95 0.96479094
5052.5 0.96512973
5053.05 0.9654683
5053.61 0.9658082
5054.16 0.9661482
5054.71 0.96648616
5055.27 0.9668257
5055.82 0.96716374
5056.38 0.9675042
5056.93 0.96784544
5057.48 0.9681839
5058.04 0.9685223
5058.59 0.96886325
5059.15 0.969204
5059.7 0.969546
5060.26 0.9696971
5060.81 0.969626
5061.37 0.9695545
5061.92 0.96948355
5062.48 0.9694133
5063.03 0.9693434
5063.59 0.9692721
5064.14 0.9692012
5064.69 0.96913
5065.25 0.9690579
5065.81 0.9689858
5066.36 0.96891475
5066.91 0.96884364
5067.47 0.9687716
5068.02 0.9686988
5068.58 0.96862614
5069.14 0.96855325
5069.69 0.96848154
5070.25 0.96866816
5070.8 0.96917325
5071.36 0.969681
5071.92 0.97018784
5072.47 0.9706926
5073.02 0.9711977
5073.58 0.97170603
5074.14 0.9722145
5074.69 0.9727201
5075.25 0.9732282
5075.81 0.9737345
5076.36 0.97424304
5076.92 0.97475225
5077.47 0.9752601
5078.03 0.97577345
5078.59 0.9762775
5079.14 0.9767864
5079.7 0.97729564
5080.26 0.9774935
5080.82 0.9773325
5081.38 0.9771719
5081.93 0.977011
5082.49 0.9768498
5083.04 0.976689
5083.6 0.9765276
5084.16 0.97636646
5084.71 0.9762073
5085.27 0.9760455
5085.83 0.97588336
5086.39 0.97572064
5086.94 0.97555965
5087.5 0.97539705
5088.06 0.97523415
5088.62 0.97507256
5089.18 0.9749103
5089.73 0.97474873
5090.29 0.97479796
5090.85 0.9750415
5091.4 0.97528756
5091.96 0.97553337
5092.52 0.9757792
5093.08 0.97602415
5093.64 0.9762689
5094.19 0.9765146
5094.76 0.9767594
5095.31 0.97700447
5095.87 0.9772491
5096.43 0.97749615
5096.99 0.97774327
5097.54 0.9779882
5098.1 0.97823477
5098.67 0.978483
5099.22 0.9787269
5099.78 0.97897184
5100.34 0.9793628
5100.9 0.9798478
5101.46 0.9803331
5102.02 0.980816
5102.58 0.98130155
5103.14 0.98178685
5103.7 0.9822697
5104.26 0.9827552
5104.81 0.9832383
5105.38 0.98372513
5105.93 0.9842098
5106.49 0.98469657
5107.05 0.98518103
5107.61 0.9856672
5108.17 0.9861516
5108.73 0.9866385
5109.29 0.9871259
5109.85 0.9876102
5110.41 0.98795646
5110.98 0.98825276
5111.54 0.98854584
5112.09 0.9888362
5112.65 0.98912984
5113.21 0.9894236
5113.77 0.98971504
5114.33 0.99000937
5114.89 0.99030346
5115.45 0.9905983
5116.01 0.99088997
5116.57 0.9911837
5117.13 0.9914779
5117.7 0.99177194
5118.26 0.99206483
5118.82 0.99236083
5119.38 0.9926549
5119.94 0.9929477
5120.5 0.9929981
5121.06 0.99301964
5121.62 0.9930412
5122.19 0.9930626
5122.75 0.99308455
5123.31 0.99310523
5123.87 0.99312603
5124.43 0.9931467
5124.99 0.9931669
5125.56 0.99318826
5126.11 0.99320924
5126.68 0.9932303
5127.24 0.99325097
5127.8 0.9932712
5128.36 0.9932914
5128.92 0.99331117
5129.49 0.99333215
5130.05 0.9933842
5130.61 0.9937601
5131.18 0.9941392
5131.74 0.9945167
5132.3 0.9948933
5132.86 0.9952698
5133.43 0.9956477
5133.99 0.9960259
5134.55 0.9964042
5135.11 0.99677867
5135.68 0.9971573
5136.24 0.9975357
5136.8 0.9979145
5137.36 0.99829
5137.93 0.9986697
5138.49 0.9990494
5139.05 0.9994294
5139.61 0.9998065
5140.18 1.0
5140.74 0.9997933
5141.31 0.9995873
5141.87 0.99937993
5142.44 0.99917376
5143.0 0.99896866
5143.56 0.99876106
5144.12 0.9985541
5144.69 0.9983464
5145.25 0.9981396
5145.81 0.9979328
5146.38 0.9977256
5146.94 0.9975162
5147.5 0.9973081
5148.07 0.99709827
5148.64 0.9968895
5149.2 0.99667907
5149.76 0.9964719
5150.33 0.99645317
5150.89 0.99657285
5151.46 0.9966915
5152.02 0.9968104
5152.59 0.9969292
5153.15 0.9970484
5153.72 0.99716663
5154.28 0.9972858
5154.85 0.99740463
5155.41 0.99752295
5155.98 0.9976402
5156.54 0.9977596
5157.11 0.9978785
5157.67 0.997996
5158.23 0.99811393
5158.8 0.9982334
5159.37 0.99835193
5159.93 0.9984691
5160.5 0.99836814
5161.06 0.998236
5161.63 0.9981036
5162.19 0.9979713
5162.76 0.9978382
5163.33 0.99770534
5163.9 0.9975721
5164.46 0.9974403
5165.02 0.99730676
5165.59 0.9971731
5166.16 0.9970396
5166.72 0.9969061
5167.29 0.99677354
5167.85 0.99663997
5168.42 0.9965066
5168.99 0.996372
5169.56 0.9962363
5170.12 0.99606675
5170.69 0.9957697
5171.25 0.99547094
5171.82 0.9951721
5172.39 0.99487233
5172.95 0.99457383
5173.52 0.99427307
5174.09 0.99397254
5174.66 0.9936732
5175.22 0.9933734
5175.79 0.99307233
5176.36 0.9927714
5176.92 0.9924717
5177.49 0.99216866
5178.06 0.99186707
5178.63 0.9915634
5179.19 0.9912611
5179.76 0.990958
5180.33 0.9905977
5180.9 0.9901956
5181.46 0.9897958
5182.03 0.9893941
5182.6 0.98899025
5183.17 0.9885915
5183.74 0.9881884
5184.31 0.98778456
5184.88 0.9873799
5185.44 0.9869799
5186.01 0.9865755
5186.58 0.986171
5187.15 0.9857658
5187.71 0.98536503
5188.28 0.9849597
5188.85 0.9845542
5189.42 0.98414826
5189.99 0.983742
5190.56 0.9835564
5191.13 0.9833733
5191.69 0.9831913
5192.27 0.98300743
5192.84 0.9828227
5193.4 0.982639
5193.97 0.9824562
5194.54 0.9822726
5195.11 0.9820895
5195.68 0.9819076
5196.25 0.9817232
5196.82 0.9815386
5197.39 0.98135406
5197.95 0.9811716
5198.52 0.9809873
5199.1 0.98080343
5199.67 0.98061866
5200.23 0.9804729
5200.81 0.98038065
5201.38 0.98028743
5201.95 0.98019344
5202.52 0.98010004
5203.09 0.9800059
5203.66 0.97991234
5204.23 0.9798188
5204.8 0.97972405
5205.37 0.97962964
5205.94 0.9795361
5206.51 0.97944134
5207.08 0.97934604
5207.65 0.9792513
5208.22 0.979157
5208.79 0.9790622
5209.36 0.9789676
5209.93 0.9788729
5210.51 0.97894764
5211.07 0.97904444
5211.65 0.9791403
5212.22 0.9792369
5212.79 0.97933346
5213.36 0.9794304
5213.93 0.97952676
5214.51 0.9796246
5215.08 0.9797217
5215.65 0.97981834
5216.22 0.9799149
5216.79 0.9800114
5217.36 0.9801071
5217.93 0.9802037
5218.5 0.9802997
5219.08 0.9803973
5219.65 0.9804938
5220.22 0.9804294
5220.79 0.98010385
5221.36 0.9797784
5221.94 0.97945094
5222.51 0.979124
5223.08 0.97879726
5223.65 0.9784722
5224.23 0.9781454
5224.8 0.9778189
5225.37 0.9774933
5225.95 0.97716624
5226.52 0.9768396
5227.09 0.97651154
5227.66 0.9761844
5228.24 0.9758567
5228.81 0.97552997
5229.38 0.97520155
5229.95 0.97487426
5230.53 0.97526217
5231.1 0.97571504
5231.68 0.97616816
5232.25 0.9766184
5232.82 0.9770714
5233.4 0.97752374
5233.97 0.9779744
5234.54 0.978428
5235.12 0.9788823
5235.69 0.9793363
5236.26 0.9797878
5236.84 0.98024
5237.41 0.98069376
5237.99 0.9811467
5238.56 0.98159957
5239.13 0.98205197
5239.71 0.98250747
5240.28 0.9826528
5240.85 0.98247665
5241.43 0.98230016
5242.01 0.9821239
5242.58 0.98194754
5243.15 0.9817704
5243.73 0.98159283
5244.31 0.98141545
5244.88 0.9812391
5245.45 0.9810613
5246.03 0.98088264
5246.6 0.98070556
5247.18 0.9805279
5247.75 0.98034984
5248.33 0.9801717
5248.9 0.9799927
5249.48 0.979815
5250.05 0.97970504
5250.63 0.98029995
5251.2 0.98089164
5251.78 0.98148674
5252.35 0.9820827
5252.93 0.98267937
5253.51 0.9832731
5254.08 0.9838702
5254.66 0.9844677
5255.23 0.985061
5255.81 0.9856575
5256.39 0.9862542
5256.97 0.9868519
5257.54 0.98744386
5258.11 0.9880427
5258.69 0.98864204
5259.27 0.9892406
5259.84 0.9898316
5260.42 0.9895974
5260.99 0.9890441
5261.57 0.98849064
5262.15 0.98794144
5262.73 0.9873839
5263.3 0.9868282
5263.88 0.98627174
5264.46 0.9857194
5265.03 0.98516434
5265.61 0.98460823
5266.19 0.9840538
5266.77 0.9834944
5267.34 0.9829387
5267.92 0.9823795
5268.49 0.9818251
5269.07 0.98126644
5269.65 0.9807069
5270.23 0.98035187
5270.8 0.9803045
5271.38 0.9802557
5271.96 0.98020613
5272.54 0.98015773
5273.12 0.9801087
5273.69 0.98005843
5274.27 0.98000807
5274.85 0.9799587
5275.43 0.97990865
5276.01 0.97985846
5276.59 0.97980857
5277.16 0.9797588
5277.74 0.9797096
5278.32 0.9796601
5278.9 0.9796095
5279.48 0.97955877
5280.06 0.9794836
5280.64 0.9791988
5281.21 0.9789164
5281.79 0.978632
5282.37 0.9783461
5282.95 0.9780593
5283.53 0.97777545
5284.11 0.9774898
5284.69 0.9772039
5285.27 0.9769175
5285.85 0.9766322
5286.43 0.9763449
5287.01 0.97605765
5287.58 0.9757729
5288.16 0.9754877
5288.74 0.9752
5289.32 0.9749122
5289.9 0.97462624
5290.48 0.9743009
5291.06 0.9739686
5291.64 0.97363263
5292.22 0.9732988
5292.8 0.972964
5293.38 0.97262937
5293.96 0.9722911
5294.54 0.97195596
5295.12 0.9716193
5295.7 0.9712835
5296.28 0.97094923
5296.86 0.97060925
5297.44 0.97027177
5298.03 0.96993303
5298.61 0.9695966
5299.19 0.9692593
5299.77 0.96891993
5300.35 0.96837807
5300.93 0.9677043
5301.51 0.96702653
5302.09 0.96635216
5302.67 0.96567124
5303.25 0.9649946
5303.83 0.96431494
5304.41 0.9636366
5304.99 0.96296096
5305.58 0.96228004
5306.16 0.9616027
5306.74 0.96092117
5307.32 0.9602385
5307.9 0.9595557
5308.49 0.958873
5309.06 0.958197
5309.65 0.957514
5310.23 0.9567756
5310.81 0.9559533
5311.39 0.9551394
5311.97 0.9543167
5312.56 0.9534915
5313.14 0.95266616
5313.72 0.95184535
5314.3 0.95102423
5314.89 0.9501944
5315.47 0.94936574
5316.05 0.94854176
5316.64 0.94771385
5317.22 0.9468851
5317.8 0.94606054
5318.39 0.9452308
5318.97 0.9443992
5319.55 0.94357294
5320.13 0.9426838
5320.72 0.9415708
5321.3 0.9404577
5321.88 0.9393511
5322.47 0.9382381
5323.05 0.9371306
5323.63 0.9360154
5324.22 0.93490016
5324.8 0.93379
5325.38 0.9326734
5325.97 0.9315579
5326.55 0.9304468
5327.13 0.92933524
5327.72 0.92821723
5328.3 0.9270926
5328.89 0.9259786
5329.47 0.9248593
5330.06 0.9237955
5330.64 0.92326516
5331.22 0.92273486
5331.81 0.922202
5332.39 0.9216683
5332.98 0.921134
5333.56 0.9206046
5334.14 0.9200691
5334.73 0.9195344
5335.31 0.91899806
5335.9 0.91846305
5336.48 0.91792727
5337.07 0.91739196
5337.65 0.91685843
5338.24 0.91632193
5338.82 0.91578424
5339.41 0.9152492
5339.99 0.91471004
5340.58 0.91412646
5341.16 0.9135396
5341.75 0.9129566
5342.33 0.9123698
5342.92 0.9117853
5343.5 0.9111959
5344.09 0.91061
5344.67 0.9100209
5345.26 0.9094318
5345.85 0.9088454
5346.43 0.9082553
5347.02 0.9076641
5347.61 0.9070717
5348.19 0.90647995
5348.77 0.9058947
5349.36 0.905299
5349.95 0.9047053
5350.54 0.9047344
5351.12 0.90481853
5351.71 0.90490276
5352.3 0.90498614
5352.88 0.90506905
5353.47 0.9051524
5354.06 0.9052362
5354.64 0.9053193
5355.23 0.90540236
5355.81 0.90548646
5356.4 0.90557003
5356.99 0.90565336
5357.58 0.90573627
5358.16 0.90581983
5358.75 0.9059026
5359.34 0.9059856
5359.93 0.9060682
5360.52 0.9058707
5361.1 0.90563285
5361.69 0.90539724
5362.28 0.9051594
5362.86 0.90492195
5363.45 0.9046832
5364.04 0.9044461
5364.62 0.9042072
5365.21 0.903968
5365.8 0.90372866
5366.39 0.9034906
5366.98 0.90325135
5367.56 0.9030115
5368.15 0.9027718
5368.74 0.9025318
5369.33 0.90229034
5369.92 0.9020479
5370.51 0.90289664
5371.1 0.9039162
5371.69 0.904932
5372.28 0.9059526
5372.87 0.9069727
5373.45 0.907988
5374.04 0.9090088
5374.63 0.9100254
5375.22 0.91104686
5375.81 0.912064
5376.4 0.913087
5376.98 0.9141047
5377.58 0.9151277
5378.17 0.9161507
5378.76 0.91717553
5379.34 0.91819453
5379.93 0.9192148
5380.52 0.92026114
5381.11 0.9213103
5381.7 0.9223631
5382.3 0.9234144
5382.89 0.9244658
5383.47 0.92550683
5384.06 0.9265602
5384.65 0.92761385
5385.24 0.9286678
5385.83 0.9297115
5386.42 0.9307658
5387.01 0.93182033
5387.6 0.9328767
5388.19 0.93392324
5388.78 0.93497825
5389.38 0.9360403
5389.97 0.9370924
5390.56 0.93894553
5391.15 0.94084805
5391.74 0.94275063
5392.33 0.94464415
5392.92 0.9465409
5393.51 0.94844437
5394.1 0.9503504
5394.69 0.95224804
5395.28 0.9541558
5395.88 0.95605606
5396.47 0.95796376
5397.06 0.95986253
5397.65 0.9617739
5398.24 0.9636765
5398.83 0.9655888
5399.43 0.9675012
5400.02 0.9693837
5400.61 0.9702523
5401.2 0.9711135
5401.79 0.9719823
5402.39 0.9728565
5402.98 0.973722
5403.57 0.97459185
5404.16 0.9754623
5404.76 0.9763322
5405.34 0.9771947
5405.94 0.97806764
5406.53 0.9789399
5407.12 0.9798113
5407.71 0.9806744
5408.31 0.9815474
5408.9 0.9824215
5409.49 0.9832957
5410.08 0.98414844
5410.68 0.9849402
5411.27 0.98572415
5411.86 0.9865137
5412.46 0.987303
5413.05 0.98809254
5413.65 0.98888165
5414.24 0.9896641
5414.83 0.9904553
5415.43 0.991246
5416.02 0.99203676
5416.61 0.992819
5417.2 0.9936103
5417.8 0.9944032
5418.39 0.9951939
5418.98 0.9959795
5419.58 0.9967692
5420.17 0.9971036
5420.77 0.99631125
5421.36 0.9955198
5421.96 0.9947286
5422.55 0.99393624
5423.14 0.9931515
5423.74 0.992357
5424.34 0.9915581
5424.93 0.9907657
5425.52 0.9899694
5426.12 0.9891735
5426.71 0.98838305
5427.31 0.98759127
5427.9 0.98679304
5428.5 0.98599523
5429.09 0.9851969
5429.69 0.98440677
5430.28 0.983519
5430.88 0.98253095
5431.47 0.9815421
5432.07 0.98055816
5432.66 0.9795721
5433.26 0.9785817
5433.85 0.9775907
5434.45 0.9765986
5435.05 0.9756055
5435.64 0.97461206
5436.23 0.973628
5436.83 0.9726352
5437.43 0.97163993
5438.02 0.9706441
5438.62 0.9696571
5439.21 0.96866053
5439.81 0.96766305
5440.41 0.96507096
5441.0 0.9617667
5441.6 0.9584296
5442.19 0.9550897
5442.79 0.9517498
5443.39 0.94840664
5443.99 0.9450617
5444.59 0.9417167
5445.18 0.93840355
5445.78 0.9350372
5446.37 0.93170553
5446.97 0.9283536
5447.57 0.9249989
5448.16 0.92165935
5448.76 0.9183193
5449.36 0.91496176
5449.96 0.9116036
5450.55 0.90694577
5451.15 0.9022092
5451.74 0.89746547
5452.34 0.89269745
5452.94 0.8879284
5453.54 0.8831563
5454.13 0.8784248
5454.73 0.8736488
5455.33 0.8688669
5455.93 0.8640871
5456.53 0.859302
5457.13 0.8545146
5457.73 0.84972155
5458.32 0.84497696
5458.92 0.8401836
5459.52 0.8353845
5460.12 0.82995087
5460.71 0.82203716
5461.31 0.8140428
5461.91 0.80604583
5462.51 0.79804665
5463.11 0.7901232
5463.71 0.7821119
5464.31 0.77405864
5464.91 0.76608753
5465.51 0.75806826
5466.11 0.75004673
5466.71 0.7420225
5467.3 0.7340737
5467.9 0.72603786
5468.5 0.7180052
5469.1 0.7099638
5469.7 0.70195895
5470.3 0.69329655
5470.9 0.6839213
5471.5 0.67454094
5472.1 0.6651571
5472.69 0.6558539
5473.29 0.64646244
5473.9 0.6370589
5474.5 0.627652
5475.1 0.6182407
5475.7 0.60882485
5476.29 0.59949744
5476.9 0.59006643
5477.5 0.5806392
5478.1 0.5712002
5478.7 0.56175756
5479.3 0.55231154
5479.9 0.5428613
5480.51 0.53273296
5481.1 0.52258104
5481.7 0.51232696
5482.3 0.50206214
5482.9 0.49190295
5483.5 0.4816314
5484.1 0.47135726
5484.71 0.46107155
5485.3 0.45089146
5485.9 0.44060886
5486.51 0.43031457
5487.11 0.4200178
5487.71 0.40971786
5488.31 0.39941484
5488.92 0.38910866
5489.51 0.37890008
5490.12 0.36897203
5490.72 0.3606322
5491.32 0.3522897
5491.92 0.34403294
5492.52 0.3356862
5493.12 0.32733676
5493.73 0.31898496
5494.33 0.3107122
5494.93 0.30234894
5495.53 0.29398337
5496.14 0.28562245
5496.74 0.27725214
5497.34 0.26887977
5497.95 0.26049817
5498.54 0.2522024
5499.15 0.24382299
5499.75 0.23543446
5500.36 0.2285894
5500.96 0.2228236
5501.56 0.21705012
5502.17 0.21126951
5502.77 0.2055474
5503.37 0.19976643
5503.98 0.19397812
5504.58 0.18819217
5505.18 0.18245508
5505.78 0.17665905
5506.39 0.17086045
5506.99 0.16505943
5507.6 0.15925565
5508.19 0.15350087
5508.8 0.14769201
5509.4 0.14187591
5510.01 0.13609067
5510.61 0.13257305
5511.22 0.1290545
5511.82 0.12553498
5512.42 0.122045904
5513.03 0.11852484
5513.63 0.11500011
5514.23 0.11151156
5514.84 0.10798523
5515.44 0.104458
5516.05 0.1009271
5516.65 0.09743242
5517.26 0.093902834
5517.86 0.090369634
5518.47 0.08683546
5519.07 0.08330036
5519.68 0.0797646
5520.28 0.07696634
5520.89 0.074999124
5521.49 0.073051766
5522.1 0.07108475
5522.7 0.0691156
5523.31 0.067145795
5523.91 0.06518488
5524.52 0.06322335
5525.12 0.06125166
5525.73 0.059277687
5526.34 0.057304725
5526.94 0.055350225
5527.54 0.05337435
5528.15 0.05139791
5528.76 0.0494208
5529.36 0.047452614
5529.97 0.045482226
5530.57 0.044331834
5531.18 0.043228142
5531.79 0.042124104
5532.4 0.041019753
5533.0 0.039915077
5533.61 0.03880999
5534.22 0.03770454
5534.82 0.036609408
5535.43 0.03550244
5536.04 0.034395147
5536.64 0.03328746
5537.24 0.03219102
5537.85 0.031081764
5538.46 0.02997303
5539.07 0.028863942
5539.67 0.027765261
5540.28 0.026872879
5540.89 0.026236612
5541.5 0.025600212
5542.1 0.024963666
5542.71 0.024326948
5543.32 0.023692641
5543.93 0.023058705
5544.53 0.022421038
5545.14 0.02178373
5545.75 0.021148803
5546.35 0.020513752
5546.96 0.019875495
5547.57 0.019236581
5548.18 0.018598018
5548.79 0.01796185
5549.39 0.017326083
5550.0 0.01668799
5550.61 0.01634004
5551.22 0.01599362
5551.83 0.015643433
5552.44 0.015295052
5553.04 0.014949885
5553.65 0.014600932
5554.26 0.014251845
5554.87 0.0139026195
5555.48 0.013553268
5556.09 0.013203776
5556.7 0.0128558045
5557.31 0.012507398
5557.92 0.012157454
5558.53 0.011807092
5559.14 0.011456584
5559.74 0.01110929
5560.35 0.010836866
5560.96 0.010621305
5561.57 0.010405504
5562.18 0.0101918895
5562.79 0.009975972
5563.4 0.009759998
5564.01 0.009543964
5564.62 0.009327872
5565.23 0.009112746
5565.85 0.008895315
5566.45 0.008681123
5567.06 0.008464627
5567.67 0.008248056
5568.28 0.008031428
5568.89 0.0078169955
5569.5 0.0076000863
5570.11 0.007414768
5570.72 0.0073702424
5571.33 0.0073256763
5571.94 0.0072808904
5572.55 0.007236094
5573.16 0.007191538
5573.78 0.007146471
5574.39 0.007101648
5575.0 0.007056774
5575.61 0.0070123747
5576.22 0.0069675
5576.83 0.0069226017
5577.44 0.0068777027
5578.06 0.0068327975
5578.66 0.0067880857
5579.27 0.006743373
5579.89 0.0066984002
5580.5 0.0066537187
5581.11 0.006609338
5581.72 0.006564655
5582.33 0.0065202457
5582.94 0.0064755445
5583.56 0.0064308685
5584.17 0.0063863494
5584.78 0.006341847
5585.39 0.006297087
5586.01 0.0062523186
5586.61 0.0062077455
5587.23 0.006162947
5587.85 0.006117882
5588.46 0.0060730595
5589.07 0.006028651
5589.68 0.0059837713
5590.29 0.0059312084
5590.91 0.005870259
5591.52 0.005809873
5592.13 0.005748882
5592.74 0.0056878254
5593.36 0.0056267437
5593.97 0.005566272
5594.58 0.005505141
5595.19 0.0054439837
5595.81 0.0053828014
5596.42 0.0053216056
5597.04 0.005260333
5597.65 0.00519938
5598.26 0.005138351
5598.88 0.0050770002
5599.49 0.005015636
5600.1 0.0049542366
5600.72 0.004893066
5601.33 0.0048318733
5601.94 0.0047703153
5602.56 0.004708781
5603.17 0.004647469
5603.79 0.0045858477
5604.4 0.0045244973
5605.01 0.0044628303
5605.63 0.0044011353
5606.24 0.004339666
5606.86 0.004277595
5607.47 0.0042164214
5608.09 0.0041545937
5608.7 0.0040927497
5609.32 0.004030877
5609.93 0.003968927
5610.55 0.0039071
5611.16 0.0038452074
5611.77 0.0037839308
5612.39 0.0037219878
5613.01 0.0036600188
5613.62 0.0035980246
5614.23 0.0035365955
5614.85 0.0034745077
5615.47 0.0034124404
5616.08 0.0033502989
5616.69 0.0032887661
5617.31 0.0032265768
5617.93 0.003164368
5618.54 0.0031020753
5619.16 0.0030398068
5619.77 0.0029777621
5620.39 0.0029153202