6570.31 0.002027345
6570.94 0.0020456566
6571.57 0.0020640646
6572.2 0.0020823777
6572.84 0.0021007
6573.47 0.0021191353
6574.1 0.0021373602
6574.73 0.0021558043
6575.37 0.0021742496
6576.0 0.0021924954
6576.63 0.002210948
6577.27 0.0022294018
6577.9 0.0022476576
6578.53 0.0022661332
6579.16 0.002284497
6579.8 0.0023028767
6580.43 0.0023214258
6581.06 0.002339912
6581.7 0.0023583835
6582.33 0.0023769902
6582.96 0.0023953903
6583.6 0.0024139958
6584.23 0.0024326171
6584.86 0.0024510296
6585.5 0.0024696605
6586.14 0.0024883067
6586.77 0.0025067318
6587.4 0.0025253915
6588.03 0.0025439414
6588.67 0.002562494
6589.3 0.0025811666
6589.94 0.002599729
6590.57 0.0026182786
6591.21 0.002636929
6591.84 0.0026553783
6592.47 0.002674036
6593.11 0.0026927134
6593.74 0.0027111752
6594.38 0.002729847
6595.01 0.0027484382
6595.65 0.0027670306
6596.28 0.0027857258
6596.92 0.0028043212
6597.55 0.0028230275
6598.19 0.002841636
6598.82 0.0028602625
6599.45 0.0028788762
6600.09 0.0028976216
6600.72 0.0029162364
6601.36 0.0029350726
6602.0 0.0029539268
6602.64 0.0029727723
6603.27 0.002991422
6603.9 0.003010175
6604.54 0.0030290494
6605.18 0.0030478302
6605.81 0.0030665996
6606.45 0.003085493
6607.08 0.0031042907
6607.71 0.0031229858
6608.35 0.0031418926
6608.99 0.0031608208
6609.63 0.003179755
6610.26 0.003198405
6610.9 0.0032171789
6611.53 0.0032358582
6612.17 0.003254539
6612.81 0.003273228
6613.44 0.0032920302
6614.08 0.0033107176
6614.72 0.0033295292
6615.35 0.0033482343
6615.99 0.0033669528
6616.63 0.0033857708
6617.26 0.003404391
6617.9 0.0034232163
6618.54 0.003442062
6619.17 0.0034606983
6619.81 0.0034795343
6620.45 0.0034983167
6621.08 0.0035171153
6621.72 0.0035360197
6622.36 0.0035548273
6623.0 0.003573639
6623.64 0.0035925559
6624.27 0.0036112762
6624.91 0.0036302148
6625.55 0.0036491551
6626.18 0.003667884
6626.82 0.0036868525
6627.46 0.0037058056
6628.1 0.0037245452
6628.73 0.0037435198
6629.37 0.0037623856
6630.01 0.0037812672
6630.65 0.0038003167
6631.29 0.0038192526
6631.92 0.0038382085
6632.56 0.003857279
6633.2 0.0038761247
6633.84 0.0038952087
6634.48 0.003914296
6635.11 0.0039331694
6635.76 0.003952266
6636.4 0.0039713685
6637.03 0.003990255
6637.67 0.0040093665
6638.31 0.0040283944
6638.95 0.004047412
6639.59 0.0040665367
6640.23 0.004085567
6640.87 0.004104674
6641.51 0.0041236803
6642.14 0.004142573
6642.78 0.0041616885
6643.42 0.004180827
6644.06 0.0041997535
6644.7 0.004218889
6645.34 0.00423804
6645.98 0.0042569726
6646.62 0.0042761294
6647.26 0.0042951885
6647.9 0.0043143714
6648.54 0.00433344
6649.18 0.0043525137
6649.82 0.0043717097
6650.46 0.004390686
6651.1 0.004409526
6651.74 0.004428582
6652.38 0.0044476585
6653.02 0.004466724
6653.66 0.0044855913
6654.3 0.004504563
6654.94 0.004523651
6655.58 0.004542622
6656.22 0.0045616105
6656.86 0.004580704
6657.5 0.0045997035
6658.14 0.0046185893
6658.78 0.0046377066
6659.43 0.0046568266
6660.07 0.004675981
6660.7 0.0046952874
6661.35 0.0047148243
6661.99 0.004734384
6662.63 0.004753709
6663.27 0.0047731604
6663.91 0.0047927336
6664.55 0.004812196
6665.19 0.004831664
6665.84 0.004851262
6666.48 0.0048707565
6667.12 0.0048903623
6667.76 0.004909749
6668.4 0.0049293796
6669.05 0.0049490025
6669.68 0.0049684257
6670.33 0.004987811
6670.97 0.0050069415
6671.61 0.005025856
6672.26 0.0050449944
6672.9 0.0050640344
6673.54 0.0050830697
6674.18 0.005102227
6674.82 0.0051212693
6675.46 0.0051403176
6676.11 0.0051594796
6676.75 0.005178429
6677.39 0.0051976093
6678.04 0.005216776
6678.68 0.0052357293
6679.32 0.0052549224
6679.97 0.0052741184
6680.6 0.0052935625
6681.25 0.005313263
6681.89 0.005332847
6682.53 0.0053524585
6683.18 0.005372177
6683.82 0.0053917994
6684.46 0.005411439
6685.11 0.005431173
6685.75 0.005450707
6686.39 0.0054704696
6687.04 0.0054902355
6687.68 0.0055097975
6688.32 0.0055295774
6688.97 0.005549261
6689.61 0.00556895
6690.26 0.0055886675
6690.9 0.0056081275
6691.55 0.005627716
6692.19 0.005647203
6692.83 0.005666572
6693.48 0.0056861816
6694.12 0.005705782
6694.76 0.0057251835
6695.41 0.00574481
6696.06 0.0057644425
6696.69 0.005783859
6697.34 0.005803503
6697.98 0.005823048
6698.63 0.005842687
6699.28 0.0058622314
6699.92 0.005881783
6700.57 0.0059012617
6701.21 0.0059206104
6701.85 0.0059398427
6702.5 0.0059593013
6703.15 0.0059787603
6703.79 0.0059982366
6704.43 0.0060174814
6705.08 0.0060369647
6705.73 0.0060563385
6706.37 0.006075727
6707.02 0.0060950974
6707.66 0.006114616
6708.31 0.0061339983
6708.95 0.0061533926
6709.6 0.0061727944
6710.24 0.0061925445
6710.89 0.0062126666
6711.53 0.0062325685
6712.18 0.0062527074
6712.83 0.006272864
6713.47 0.0062928027
6714.12 0.0063129603
6714.77 0.006333028
6715.41 0.0063530966
6716.06 0.006373181
6716.71 0.0063933814
6717.35 0.006413466
6718.0 0.006433695
6718.64 0.0064536864
6719.29 0.006473931
6719.94 0.0064941696
6720.58 0.0065138685
6721.23 0.0065337587
6721.88 0.00655365
6722.52 0.0065733204
6723.17 0.00659322
6723.82 0.006613014
6724.46 0.0066328156
6725.11 0.006652746
6725.76 0.0066725616
6726.41 0.0066923853
6727.06 0.0067123463
6727.7 0.0067320606
6728.35 0.0067520156
6729.0 0.0067719785
6729.64 0.006791724
6730.29 0.006811542
6730.94 0.0068311477
6731.59 0.0068505523
6732.24 0.006870187
6732.88 0.006889713
6733.53 0.0069092466
6734.18 0.0069288807
6734.83 0.0069484115
6735.47 0.006967946
6736.12 0.0069876006
6736.77 0.0070070387
6737.42 0.0070267017
6738.07 0.0070463847
6738.71 0.0070658205
6739.36 0.007085489
6740.01 0.0071050646
6740.66 0.0071248896
6741.31 0.0071447985
6741.96 0.0071646133
6742.61 0.007184539
6743.26 0.0072043748
6743.91 0.0072242264
6744.56 0.007244063
6745.21 0.0072640004
6745.85 0.0072837453
6746.5 0.007303711
6747.15 0.0073236837
6747.8 0.0073434496
6748.45 0.0073634256
6749.1 0.0073832967
6749.75 0.0074033006
6750.4 0.007423478
6751.05 0.0074438364
6751.7 0.0074643185
6752.35 0.007484682
6752.99 0.0075049414
6753.65 0.007525464
6754.3 0.0075459685
6754.95 0.0075664846
6755.6 0.00758678
6756.25 0.00760732
6756.9 0.0076277526
6757.55 0.007648187
6758.2 0.0076686433
6758.85 0.007689209
6759.5 0.0077096657
6760.15 0.0077298894
6760.8 0.0077494285
6761.45 0.0077688317
6762.1 0.0077883457
6762.75 0.0078076585
6763.4 0.007827183
6764.06 0.007846723
6764.7 0.007866032
6765.36 0.007885574
6766.01 0.007905005
6766.66 0.007924429
6767.31 0.007943853
6767.96 0.0079634115
6768.61 0.007982834
6769.27 0.00800239
6769.91 0.008021722
6770.57 0.008041989
6771.22 0.008062377
6771.87 0.008082538
6772.52 0.0081029385
6773.18 0.008123358
6773.82 0.008143527
6774.48 0.008163947
6775.13 0.008184261
6775.78 0.008204567
6776.44 0.008225013
6777.09 0.008245346
6777.74 0.008265679
6778.39 0.008286129
6779.04 0.008306361
6779.69 0.0083268415
6780.35 0.008347272
6781.0 0.00836746
6781.65 0.008387888
6782.31 0.008408321
6782.96 0.008428519
6783.61 0.008448948
6784.26 0.008469283
6784.91 0.008489628
6785.57 0.008510068
6786.22 0.008530411
6786.88 0.008550784
6787.53 0.008571249
6788.18 0.008591496
6788.83 0.008611985
6789.49 0.008632469
6790.14 0.008652683
6790.8 0.008672886
6791.45 0.008693098
6792.1 0.008713086
6792.76 0.008733298
6793.41 0.008753395
6794.06 0.0087736305
6794.72 0.008793753
6795.37 0.008813876
6796.03 0.008834106
6796.68 0.008854228
6797.33 0.008874253
6797.99 0.00889451
6798.64 0.008914774
6799.29 0.008934824
6799.95 0.008955081
6800.6 0.009129279
6801.26 0.009317466
6801.91 0.009504561
6802.57 0.009691674
6803.23 0.009880084
6803.88 0.01006727
6804.53 0.010253487
6805.19 0.0104419645
6805.84 0.010630328
6806.5 0.010818871
6807.15 0.01100534
6807.81 0.011193929
6808.47 0.011382546
6809.12 0.011569088
6809.77 0.011756778
6810.43 0.0119845215
6811.08 0.012231577
6811.74 0.012478643
6812.4 0.012727209
6813.05 0.012974331
6813.71 0.013222959
6814.36 0.013468843
6815.02 0.013717695
6815.68 0.013966392
6816.33 0.014212531
6816.99 0.014461469
6817.65 0.014710394
6818.3 0.0149565935
6818.95 0.015204126
6819.61 0.015453357
6820.27 0.01574571
6820.92 0.0161063
6821.58 0.016464852
6822.23 0.01682347
6822.89 0.0171843
6823.55 0.017541206
6824.21 0.017902458
6824.86 0.018263515
6825.52 0.01862064
6826.18 0.018982116
6826.84 0.019343656
6827.49 0.019701
6828.15 0.020062707
6828.8 0.02042263
6829.46 0.020782607
6830.12 0.021155754
6830.78 0.021577494
6831.43 0.021999314
6832.09 0.022423744
6832.74 0.022843221
6833.4 0.02326811
6834.06 0.02369276
6834.72 0.024112776
6835.38 0.024537569
6836.03 0.024960255
6836.69 0.02538302
6837.35 0.025808379
6838.01 0.026231581
6838.67 0.026654549
6839.33 0.027080104
6839.98 0.027501103
6840.64 0.028046785
6841.3 0.028596144
6841.96 0.029139059
6842.62 0.02968848
6843.28 0.030237943
6843.93 0.030781385
6844.59 0.03133091
6845.25 0.031877648
6845.91 0.032427706
6846.57 0.03297448
6847.23 0.03352128
6847.89 0.03407146
6848.55 0.03461838
6849.2 0.03516249
6849.86 0.035712644
6850.52 0.03637518
6851.18 0.03705878
6851.84 0.037750646
6852.5 0.038442627
6853.16 0.039130643
6853.82 0.039819308
6854.48 0.040507548
6855.14 0.041200463
6855.8 0.04188888
6856.46 0.04257796
6857.12 0.043267198
6857.78 0.0439606
6858.44 0.04465409
6859.1 0.045340057
6859.76 0.046034325
6860.42 0.046818495
6861.08 0.04764468
6861.74 0.048480894
6862.4 0.049312383
6863.06 0.050144095
6863.72 0.050976653
6864.38 0.05181372
6865.04 0.052646633
6865.71 0.05348407
6866.36 0.05431247
6867.02 0.055150997
6867.69 0.055989675
6868.35 0.05681931
6869.01 0.05765841
6869.67 0.05849771
6870.33 0.059482113
6870.99 0.060627628
6871.65 0.061779983
6872.31 0.0629258
6872.98 0.0640786
6873.64 0.06522484
6874.3 0.066371195
6874.96 0.06752525
6875.62 0.06866606
6876.28 0.06981973
6876.95 0.07097438
6877.6 0.0721165
6878.27 0.07327146
6878.93 0.07442646
6879.59 0.07556822
6880.26 0.07682194
6880.92 0.078224264
6881.58 0.079626754
6882.24 0.08103675
6882.9 0.082440816
6883.56 0.08384404
6884.23 0.08525583
6884.89 0.08665238
6885.55 0.08806473
6886.22 0.089478366
6886.88 0.09087558
6887.54 0.09228963
6888.2 0.09369562
6888.86 0.09510189
6889.53 0.0965179
6890.19 0.097897366
6890.85 0.09921077
6891.52 0.10053205
6892.18 0.1018457
6892.84 0.1031596
6893.51 0.104481295
6894.17 0.1057876
6894.84 0.10711048
6895.5 0.10843259
6896.16 0.109740384
6896.83 0.11106385
6897.49 0.112379506
6898.15 0.113703035
6898.82 0.11501913
6899.48 0.11633526
6900.15 0.11779021
6900.81 0.11969163
6901.47 0.12158198
6902.14 0.12349354
6902.8 0.12540686
6903.46 0.12729937
6904.13 0.12921312
6904.8 0.13112734
6905.46 0.13303179
6906.12 0.13493505
6906.79 0.13684022
6907.45 0.13875678
6908.12 0.14066239
6908.78 0.14256826
6909.45 0.14448702
6910.11 0.14633588
6910.78 0.14791523
6911.44 0.14947748
6912.11 0.1510587
6912.78 0.1526406
6913.44 0.15420458
6914.1 0.1557886
6914.77 0.1573625
6915.43 0.15893824
6916.1 0.16051354
6916.77 0.16209964
6917.43 0.16367693
6918.1 0.16526407
6918.76 0.16684218
6919.43 0.16842091
6920.1 0.17009078
6920.76 0.17220387
6921.43 0.17434372
6922.1 0.17648377
6922.76 0.17859896
6923.42 0.18072689
6924.09 0.18286754
6924.76 0.18499586
6925.43 0.18713857
6926.09 0.18926764
6926.76 0.19139817
6927.43 0.19354142
6928.09 0.19567235
6928.76 0.19780394
6929.43 0.19994788
6930.09 0.20209585
6930.76 0.20444846
6931.43 0.20680304
6932.09 0.20913026
6932.76 0.2114848
6933.43 0.21382573
6934.09 0.2161668
6934.76 0.21852182
6935.43 0.22086494
6936.09 0.22320656
6936.77 0.22556339
6937.43 0.2278929
6938.1 0.23024999
6938.77 0.23260748
6939.43 0.23493752
6940.1 0.2372998
6940.77 0.23967691
6941.44 0.24202845
6942.1 0.24440622
6942.77 0.24677277
6943.44 0.2491415
6944.11 0.2515226
6944.78 0.2538905
6945.45 0.25627252
6946.12 0.25864303
6946.78 0.26100057
6947.45 0.26338395
6948.12 0.26576927
6948.79 0.2681299
6949.46 0.2705168
6950.12 0.27296397
6950.8 0.27574968
6951.46 0.27852097
6952.13 0.28129193
6952.8 0.28407973
6953.47 0.28685066
6954.14 0.2896217
6954.81 0.2923931
6955.48 0.29518017
6956.15 0.29793656
6956.82 0.3007258
6957.49 0.3035132
6958.16 0.30630246
6958.83 0.30905896
6959.49 0.3118334
6960.17 0.3147123
6960.84 0.31784534
6961.5 0.3209812
6962.18 0.32413507
6962.85 0.32727122
6963.52 0.33040714
6964.18 0.3335428
6964.86 0.3366967
6965.53 0.3398512
6966.19 0.3429712
6966.87 0.3461256
6967.54 0.34928197
6968.21 0.35240182
6968.88 0.35554036
6969.55 0.358697
6970.22 0.36154017
6970.89 0.3637849
6971.56 0.3660189
6972.23 0.36825153
6972.91 0.3704991
6973.57 0.3727208
6974.25 0.3749688
6974.92 0.37721655
6975.59 0.37944123
6976.26 0.38168985
6976.94 0.3839396
6977.6 0.38616487
6978.27 0.3884163
6978.95 0.3906537
6979.62 0.3928919
6980.29 0.39534134
6980.96 0.39803922
6981.63 0.4007353
6982.31 0.4034496
6982.97 0.4061333
6983.65 0.4088492
6984.32 0.41156572
6984.99 0.41425115
6985.66 0.41696867
6986.34 0.4196731
6987.01 0.42237648
6987.68 0.42509845
6988.35 0.42780483
6989.02 0.43051192
6989.7 0.43323565
6990.37 0.4361146
6991.04 0.4391766
6991.72 0.4422383
6992.39 0.44526708
6993.06 0.44833174
6993.74 0.45139763
6994.41 0.4544279
6995.08 0.4574939
6995.75 0.46054304
6996.43 0.4635944
6997.1 0.46666148
6997.77 0.46971413
6998.45 0.47278455
6999.12 0.4758378
6999.79 0.47887376
7000.47 0.48201975
7001.15 0.48520124
7001.81 0.48834375
7002.49 0.49152517
7003.17 0.49470675
7003.84 0.49787068
7004.51 0.50103325
7005.19 0.50419533
7005.86 0.50737643
7006.54 0.5105413
7007.21 0.5137039
7007.88 0.51686865
7008.56 0.5200518
7009.23 0.5231982
7009.91 0.52638084
7010.58 0.5289552
7011.26 0.5314341
7011.93 0.5338835
7012.61 0.53636163
7013.28 0.5388256
7013.96 0.5412893
7014.63 0.54375327
7015.31 0.54623216
7015.98 0.5486969
7016.65 0.5511627
7017.33 0.55362684
7018.01 0.5561078
7018.69 0.5585889
7019.36 0.5610411
7020.03 0.5635117
7020.71 0.56579375
7021.38 0.56805104
7022.06 0.57031953
7022.74 0.5726028
7023.41 0.57487345
7024.09 0.5771565
7024.77 0.5794296
7025.44 0.58170056
7026.12 0.58398503
7026.79 0.58624494
7027.47 0.5885301
7028.15 0.5908176
7028.82 0.59307814
7029.5 0.5953651
7030.18 0.59776646
7030.85 0.6004577
7031.53 0.603181
7032.2 0.60589063
7032.88 0.60860044
7033.56 0.6113245
7034.23 0.6140349
7034.91 0.61674523
7035.59 0.6194743
7036.26 0.6221694
7036.94 0.6248947
7037.62 0.6276242
7038.29 0.63032234
7038.98 0.6330525
7039.65 0.63576627
7040.33 0.638011
7041.01 0.6397651
7041.68 0.64150983
7042.36 0.64325565
7043.04 0.6450106
7043.72 0.64675534
7044.39 0.64850074
7045.07 0.6502564
7045.75 0.6519912
7046.43 0.6537479
7047.11 0.65550315
7047.78 0.65723926
7048.46 0.6589957
7049.14 0.66074115
7049.82 0.662487
7050.5 0.66441333
7051.18 0.66639215
7051.86 0.66838145
7052.54 0.6703603
7053.21 0.6723258
7053.89 0.67431587
7054.57 0.6763066
7055.25 0.6782748
7055.93 0.6802651
7056.61 0.6822573
7057.29 0.6842366
7057.97 0.6862169
7058.64 0.6881958
7059.33 0.69018817
7060.0 0.6921705
7060.68 0.69440424
7061.36 0.6966514
7062.04 0.6988832
7062.72 0.7011053
7063.4 0.7033505
7064.08 0.7055969
7064.77 0.70784414
7065.44 0.71006477
7066.12 0.7123109
7066.8 0.7145457
7067.48 0.71677864
7068.16 0.71901286
7068.84 0.7212575
7069.52 0.7234914
7070.2 0.7255274
7070.88 0.7271018
7071.56 0.72866714
7072.25 0.7302416
7072.92 0.73179835
7073.6 0.73337215
7074.29 0.73494726
7074.97 0.73650473
7075.65 0.7380717
7076.33 0.7396481
7077.01 0.74121463
7077.69 0.7427905
7078.37 0.7443584
7079.05 0.7459259
7079.74 0.7475036
7080.42 0.74929446
7081.1 0.75122595
7081.78 0.7531694
7082.46 0.7550921
7083.14 0.7570356
7083.83 0.75897944
7084.5 0.7609021
7085.19 0.7628472
7085.87 0.7647815
7086.55 0.76671594
7087.23 0.7686616
7087.91 0.7705965
7088.6 0.7725317
7089.28 0.7744788
7089.96 0.77640307
7090.64 0.7774627
7091.33 0.77846426
7092.01 0.7794545
7092.69 0.7804557
7093.38 0.781457
7094.05 0.7824458
7094.74 0.7834472
7095.42 0.78444296
7096.1 0.78543836
7096.79 0.78643924
7097.47 0.78743434
7098.15 0.7884341
7098.84 0.7894293
7099.52 0.79041845
7100.2 0.79162025
7100.89 0.79330564
7101.57 0.79497105
7102.25 0.7966562
7102.94 0.79833376
7103.62 0.8000087
7104.3 0.80169433
7104.99 0.8033696
7105.67 0.8050558
7106.35 0.8067314
7107.04 0.80840623
7107.72 0.810083
7108.41 0.81176865
7109.09 0.8134358
7109.77 0.8151207
7110.46 0.8170315
7111.15 0.8190531
7111.83 0.8210521
7112.51 0.82306224
7113.2 0.825085
7113.88 0.82709527
7114.56 0.8291076
7115.25 0.83113116
7115.94 0.83314335
7116.62 0.83515614
7117.3 0.83716995
7117.99 0.83919305
7118.68 0.84121865
7119.36 0.84321946
7120.05 0.8450936
7120.73 0.8448566
7121.41 0.84462124
7122.1 0.8443843
7122.79 0.8441464
7123.47 0.8439104
7124.15 0.8436737
7124.84 0.8434351
7125.53 0.8431979
7126.22 0.8429594
7126.9 0.8427231
7127.59 0.8424845
7128.27 0.84224534
7128.96 0.84200835
7129.65 0.8417687
7130.33 0.8424742
7131.02 0.8441678
7131.7 0.8458816
7132.39 0.8475848
7133.07 0.8492886
7133.76 0.85100085
7134.45 0.85270536
7135.13 0.8544096
7135.82 0.8561216
7136.51 0.8578156
7137.19 0.85952955
7137.88 0.8612437
7138.57 0.862939
7139.26 0.8646517
7139.94 0.86635584
7140.63 0.8673814
7141.32 0.86834955
7142.0 0.8693123
7142.69 0.87027454
7143.38 0.8712443
7144.06 0.87220335
7144.75 0.87317026
7145.44 0.87413836
7146.13 0.8750962
7146.82 0.8760637
7147.51 0.8770322
7148.19 0.8779908
7148.88 0.8789597
7149.57 0.8799229
7150.25 0.8810665
7150.94 0.88252485
7151.63 0.88397634
7152.32 0.88543475
7153.01 0.886885
7153.69 0.888327
7154.39 0.8897863
7155.08 0.89124537
7155.76 0.8926872
7156.45 0.89414674
7157.14 0.89560694
7157.83 0.89704764
7158.52 0.8985059
7159.21 0.8999555
7159.9 0.90141577
7160.59 0.9014984
7161.27 0.90134156
7161.96 0.9011854
7162.65 0.90102726
7163.34 0.9008714
7164.03 0.9007139
7164.72 0.9005565
7165.41 0.9003991
7166.1 0.9002429
7166.79 0.900084
7167.48 0.8999257
7168.17 0.89976746
7168.86 0.8996107
7169.55 0.8994522
7170.24 0.8996104
7170.93 0.90036684
7171.62 0.90111965
7172.31 0.90187794
7173.0 0.90263814
7173.69 0.9033898
7174.38 0.9041492
7175.07 0.9049076
7175.76 0.905658
7176.45 0.90641356
7177.14 0.9071737
7177.83 0.90792865
7178.52 0.9086836
7179.22 0.90944266
7179.9 0.91019803
7180.6 0.9108374
7181.28 0.91145
7181.98 0.9120709
7182.67 0.91269094
7183.36 0.9133035
7184.05 0.91392213
7184.75 0.9145438
7185.43 0.9151583
7186.13 0.9157796
7186.82 0.91639686
7187.51 0.91701347
7188.2 0.9176337
7188.89 0.91825116
7189.58 0.9188704
7190.28 0.91960657
7190.97 0.9205012
7191.66 0.92140776
7192.35 0.92231315
7193.04 0.9232086
7193.74 0.92411566
7194.43 0.925017
7195.12 0.9259184
7195.81 0.9268262
7196.51 0.92772776
7197.2 0.9286294
7197.89 0.9295372
7198.58 0.9304393
7199.28 0.9313419
7199.97 0.9322489
7200.66 0.9333441
7201.35 0.93446004
7202.05 0.9355759
7202.74 0.9366788
7203.44 0.9377937
7204.13 0.93890315
7204.82 0.9400132
7205.52 0.9411297
7206.21 0.9422397
7206.9 0.94335645
7207.6 0.9444674
7208.28 0.94557106
7208.98 0.94668704
7209.68 0.9478036
7210.37 0.9484499
7211.06 0.9486973
7211.76 0.9489443
7212.45 0.9491888
7213.15 0.94943583
7213.84 0.9496808
7214.54 0.9499269
7215.23 0.95017236
7215.92 0.9504174
7216.62 0.9506633
7217.31 0.9509082
7218.0 0.95115215
7218.7 0.95139885
7219.4 0.9516447
7220.1 0.95195204
7220.78 0.9526406
7221.48 0.953336
7222.18 0.9540267
7222.87 0.9547177
7223.56 0.95540905
7224.26 0.95610446
7224.96 0.9567942
7225.65 0.95748574
7226.35 0.9581813
7227.04 0.9588728
7227.74 0.9595665
7228.43 0.9602536
7229.13 0.96094865
7229.83 0.9616441
7230.52 0.9617008
7231.21 0.96154904
7231.91 0.96139795
7232.61 0.9612471
7233.3 0.96109605
7234.0 0.9609433
7234.7 0.96079147
7235.4 0.96063995
7236.09 0.9604903
7236.79 0.96033806
7237.48 0.9601853
7238.18 0.96003425
7238.88 0.95988315
7239.57 0.95973104
7240.27 0.9599222
7240.97 0.96066564
7241.66 0.9614075
7242.36 0.962149
7243.06 0.96289414
7243.75 0.96363485
7244.45 0.9643754
7245.15 0.96512085
7245.84 0.9658591
7246.54 0.96660495
7247.24 0.9673508
7247.93 0.96808875
7248.63 0.96883327
7249.34 0.9695794
7250.03 0.9702626
7250.73 0.96960807
7251.42 0.9689577
7252.12 0.96830684
7252.82 0.9676526
7253.52 0.96700305
7254.22 0.9663527
7254.92 0.96569777
7255.61 0.96505183
7256.31 0.96439815
7257.01 0.96374345
7257.7 0.963097
7258.41 0.9624432
7259.1 0.9617935
7259.8 0.9611431
7260.5 0.9615478
7261.2 0.9623672
7261.9 0.9631928
7262.6 0.96401364
7263.3 0.96483463
7263.99 0.96565616
7264.7 0.96648055
7265.39 0.9672973
7266.09 0.9681241
7266.8 0.96894735
7267.49 0.96976364
7268.19 0.97059035
7268.89 0.9714132
7269.59 0.9722377
7270.29 0.9727312
7270.99 0.97276545
7271.69 0.9727989
7272.39 0.9728332
7273.09 0.97286826
7273.79 0.972901
7274.49 0.9729341
7275.19 0.9729676
7275.89 0.97300094
7276.59 0.9730342
7277.29 0.97306836
7277.99 0.97310245
7278.69 0.97313714
7279.39 0.973171
7280.09 0.97306633
7280.79 0.97204256
7281.49 0.9710121
7282.19 0.9699883
7282.9 0.9689583
7283.59 0.9679411
7284.3 0.96691096
7285.0 0.96588105
7285.7 0.9648645
7286.4 0.963835
7287.1 0.96280485
7287.8 0.96178746
7288.5 0.9607629
7289.21 0.95973295
7289.91 0.95870996
7290.61 0.95899266
7291.31 0.9594752
7292.01 0.95995903
7292.72 0.9604445
7293.41 0.9609252
7294.12 0.9614112
7294.82 0.9618964
7295.52 0.9623762
7296.22 0.9628607
7296.93 0.9633434
7297.63 0.9638264
7298.33 0.9643118
7299.03 0.9647954
7299.73 0.96527886
7300.44 0.96615344
7301.14 0.9672512
7301.84 0.96836096
7302.55 0.969471
7303.24 0.9705681
7303.95 0.97167856
7304.66 0.97279
7305.35 0.9738877
7306.06 0.97499794
7306.76 0.9761024
7307.46 0.9772064
7308.17 0.97831637
7308.87 0.97942007
7309.57 0.98052555
7310.28 0.98145884
7310.98 0.98211503
7311.69 0.9827779
7312.39 0.9834408
7313.09 0.9840958
7313.8 0.984759
7314.5 0.98542273
7315.2 0.9860791
7315.91 0.9867428
7316.61 0.9874022
7317.32 0.98806584
7318.02 0.9887266
7318.73 0.9893852
7319.43 0.9900441
7320.14 0.9905106
7320.84 0.9901534
7321.54 0.98979115
7322.25 0.98942804
7322.95 0.9890691
7323.66 0.98870605
7324.36 0.98834324
7325.07 0.9879831
7325.77 0.9876217
7326.48 0.9872603
7327.18 0.9868968
7327.89 0.9865355
7328.59 0.98617494
7329.3 0.9858136
7330.0 0.98544693
7330.7 0.98459065
7331.41 0.9837255
7332.12 0.9828596
7332.83 0.9819925
7333.53 0.98113424
7334.23 0.9802719
7334.94 0.97940636
7335.65 0.9785441
7336.35 0.9776826
7337.06 0.97681797
7337.77 0.9759544
7338.48 0.9750868
7339.18 0.9742298
7339.89 0.9733633
7340.6 0.97419953
7341.3 0.97535133
7342.01 0.976518
7342.71 0.97768
7343.42 0.9788328
7344.12 0.97999215
7344.83 0.9811551
7345.54 0.98231417
7346.25 0.98348016
7346.95 0.9846379
7347.66 0.9857954
7348.37 0.9869597
7349.07 0.9881113
7349.78 0.9892774
7350.49 0.9896833
7351.19 0.98974794
7351.9 0.98981214
7352.61 0.98987836
7353.32 0.9899449
7354.03 0.9900106
7354.73 0.9900749
7355.44 0.99014014
7356.15 0.99020696
7356.86 0.9902716
7357.56 0.99033684
7358.27 0.9904025
7358.98 0.99046725
7359.69 0.99053204
7360.4 0.9903008
7361.1 0.9898437
7361.81 0.98938036
7362.52 0.98892003
7363.23 0.9884606
7363.94 0.98799694
7364.65 0.9875351
7365.35 0.9870745
7366.07 0.9866127
7366.77 0.9861538
7367.48 0.9856905
7368.19 0.98522717
7368.9 0.9847686
7369.61 0.9843047
7370.32 0.98457444
7371.03 0.9857162
7371.74 0.98687327
7372.45 0.9880231
7373.16 0.9891798
7373.87 0.9903287
7374.58 0.99147916
7375.29 0.9926359
7376.0 0.9937851
7376.7 0.99492884
7377.41 0.99608624
7378.13 0.9972441
7378.83 0.99838847
7379.55 0.99954575
7380.26 1.0
7380.97 0.9992202
7381.68 0.99843997
7382.39 0.9976588
7383.1 0.99687374
7383.81 0.9960944
7384.52 0.99531525
7385.23 0.99453175
7385.94 0.99375063
7386.65 0.9929744
7387.36 0.99219054
7388.07 0.99140626
7388.79 0.9906216
7389.49 0.9898469
7390.2 0.9893569
7390.92 0.9895868
7391.63 0.98981535
7392.34 0.99004453
7393.05 0.99027526
7393.76 0.9905023
7394.48 0.9907324
7395.19 0.9909622
7395.9 0.991192
7396.61 0.9914212
7397.32 0.9916487
7398.03 0.99188
7398.75 0.99210906
7399.46 0.99233705
7400.17 0.9925769
7400.88 0.9928527
7401.59 0.99312687
7402.31 0.9934029
7403.02 0.9936773
7403.73 0.99395186
7404.44 0.9942271
7405.15 0.994499
7405.87 0.9947737
7406.58 0.9950504
7407.29 0.9953228
7408.01 0.99559623
7408.72 0.9958712
7409.43 0.996143
7410.15 0.9961954
7410.86 0.9953889
7411.57 0.9945826
7412.29 0.9937708
7413.0 0.9929634
7413.71 0.992157
7414.43 0.9913449
7415.14 0.99054146
7415.85 0.98973024
7416.57 0.98891836
7417.28 0.98811483
7417.99 0.9873012
7418.71 0.9864934
7419.42 0.9856854
7420.14 0.9849483
7420.85 0.9845371
7421.56 0.9841265
7422.28 0.9837133
7422.99 0.98330253
7423.71 0.98289204
7424.42 0.98247766
7425.13 0.9820681
7425.85 0.98165715
7426.57 0.98124295
7427.28 0.9808329
7427.99 0.98042023
7428.71 0.9800113
7429.43 0.9795985
7430.14 0.97929835
7430.85 0.97945726
7431.57 0.9796163
7432.28 0.97977495
7433.0 0.97993463
7433.71 0.9800915
7434.43 0.98025066
7435.14 0.98040825
7435.86 0.98056847
7436.58 0.9807277
7437.3 0.9808865
7438.01 0.981044
7438.72 0.9812017
7439.44 0.98136073
7440.16 0.98132044
7440.87 0.9805637
7441.59 0.9798023
7442.31 0.9790453
7443.02 0.9782917
7443.73 0.9775307
7444.45 0.97677004
7445.17 0.97600967
7445.88 0.9752584
7446.6 0.97449553
7447.32 0.9737344
7448.03 0.9729828
7448.75 0.97222614
7449.47 0.97146606
7450.19 0.97096795
7450.91 0.9712056
7451.62 0.9714402
7452.34 0.9716749
7453.06 0.9719114
7453.77 0.97214526
7454.49 0.9723831
7455.21 0.9726206
7455.92 0.9728542
7456.64 0.9730907
7457.36 0.9733281
7458.08 0.9735631
7458.8 0.9738001
7459.51 0.9740342
7460.23 0.9741277
7460.95 0.97392213
7461.66 0.97371864
7462.38 0.9735125
7463.1 0.97330695
7463.82 0.973104
7464.54 0.97289693
7465.26 0.9726902
7465.97 0.97248846
7466.69 0.9722815
7467.41 0.9720766
7468.13 0.971872
7468.85 0.971664
7469.57 0.97146
7470.29 0.97137296
7471.01 0.97146094
7471.72 0.97154844
7472.44 0.97163725
7473.17 0.9717256
7473.88 0.97181195
7474.6 0.97190076
7475.32 0.9719891
7476.04 0.972076
7476.76 0.97216505
7477.48 0.9722522
7478.2 0.97233915
7478.92 0.97242886
7479.64 0.97251636
7480.36 0.97261965
7481.08 0.97274053
7481.8 0.97286284
7482.52 0.9729842
7483.24 0.97310525
7483.96 0.9732258
7484.68 0.97334874
7485.4 0.9734712
7486.12 0.9735921
7486.84 0.9737115
7487.56 0.97383225
7488.28 0.97395384
7489.0 0.974074
7489.72 0.9741959
7490.44 0.97443134
7491.17 0.97473985
7491.88 0.9750453
7492.6 0.9753544
7493.33 0.97566366
7494.05 0.97597325
7494.77 0.9762779
7495.49 0.97658426
7496.21 0.97689307
7496.93 0.9772001
7497.65 0.97750777
7498.38 0.97781664
7499.1 0.9781236
7499.81 0.9784292
7500.54 0.9784236
7501.26 0.9783092
7501.99 0.9781947
7502.71 0.9780838
7503.43 0.9779706
7504.16 0.9778567
7504.87 0.9777438
7505.59 0.97763205
7506.32 0.9775187
7507.04 0.97740525
7507.77 0.9772922
7508.49 0.9771782
7509.21 0.9770642
7509.93 0.97695076
7510.65 0.977327
7511.38 0.977759
7512.1 0.97819155
7512.82 0.97861785
7513.55 0.97904867
7514.27 0.9794769
7514.99 0.97990483
7515.72 0.9803356
7516.44 0.980765
7517.16 0.98119396
7517.89 0.9816251
7518.61 0.98205256
7519.33 0.9824799
7520.06 0.98294723
7520.78 0.9838426
7521.5 0.984747
7522.23 0.9856503
7522.95 0.9865409
7523.68 0.9874458
7524.4 0.9883454
7525.12 0.98924583
7525.85 0.9901507
7526.57 0.99104935
7527.29 0.991947
7528.02 0.9928521
7528.74 0.9937476
7529.47 0.994653
7530.2 0.99525315
7530.91 0.9950263
7531.64 0.9947987
7532.37 0.99457055
7533.09 0.9943447
7533.82 0.99411625
7534.54 0.9938883
7535.27 0.9936613
7535.99 0.9934345
7536.72 0.9932048
7537.45 0.9929758
7538.17 0.99274915
7538.89 0.99252385
7539.62 0.99229544
7540.35 0.9923043
7541.07 0.99257094
7541.8 0.9928416
7542.52 0.993112
7543.25 0.99338084
7543.97 0.99364954
7544.7 0.99391675
7545.43 0.9941883
7546.15 0.9944591
7546.88 0.9947262
7547.61 0.9949964
7548.33 0.99526566
7549.05 0.995534
7549.78 0.99580353
7550.51 0.9955781
7551.24 0.9951426
7551.96 0.99471253
7552.69 0.99428004
7553.42 0.99384505
7554.14 0.9934121
7554.87 0.9929802
7555.6 0.9925455
7556.33 0.9921127
7557.05 0.9916791
7557.78 0.99124384
7558.51 0.99081117
7559.24 0.99037564
7559.96 0.9899447
7560.69 0.98996305
7561.42 0.990008
7562.14 0.99005246
7562.87 0.99009734
7563.6 0.99014145
7564.33 0.9901861
7565.06 0.990232
7565.79 0.9902766
7566.51 0.9903198
7567.24 0.9903635
7567.97 0.9904076
7568.7 0.99045247
7569.43 0.99049616
7570.15 0.9905399
7570.88 0.9905856
7571.61 0.9906328
7572.34 0.9906784
7573.07 0.99072313
7573.8 0.990768
7574.52 0.99081534
7575.26 0.99086165
7575.98 0.9909051
7576.71 0.9909509
7577.44 0.9909976
7578.17 0.9910433
7578.9 0.9910875
7579.63 0.99113256
7580.36 0.990945
7581.09 0.99051416
7581.82 0.99008405
7582.55 0.9896532
7583.28 0.98922086
7584.01 0.9887924
7584.74 0.98836225
7585.47 0.987929
7586.2 0.9874992
7586.93 0.9870715
7587.66 0.9866384
7588.39 0.9862096
7589.12 0.9857765
7589.85 0.9853453
7590.58 0.9849345
7591.31 0.9845234
7592.04 0.9841149
7592.77 0.98370546
7593.5 0.9832932
7594.23 0.98288435
7594.97 0.9824755
7595.7 0.98206556
7596.43 0.98165494
7597.15 0.9812455
7597.89 0.98083556
7598.61 0.9804283
7599.35 0.9800156
7600.08 0.97964925
7600.82 0.9796422
7601.54 0.97963375
7602.27 0.9796246
7603.01 0.97961587
7603.74 0.9796086
7604.47 0.9795988
7605.2 0.97958857
7605.94 0.97958016
7606.66 0.97957087
7607.4 0.979562
7608.13 0.9795536
7608.87 0.97954375
7609.59 0.9795342
7610.33 0.97967684
7611.06 0.9800071
7611.79 0.980333
7612.52 0.9806623
7613.26 0.98099315
7613.99 0.9813216
7614.72 0.9816505
7615.46 0.98197955
7616.19 0.9823069
7616.93 0.9826362
7617.65 0.9829623
7618.39 0.9832928
7619.12 0.983622
7619.85 0.9839458
7620.58 0.98407435
7621.32 0.9841539
7622.05 0.98423195
7622.79 0.9843111
7623.52 0.98438984
7624.25 0.9844686
7624.99 0.984546
7625.72 0.9846255
7626.46 0.98470443
7627.19 0.9847815
7627.92 0.98485935
7628.66 0.98493755
7629.4 0.9850152
7630.12 0.9850041
7630.86 0.98456544
7631.6 0.9841285
7632.33 0.98369175
7633.07 0.98325205
7633.8 0.98281574
7634.53 0.9823773
7635.27 0.9819367
7636.0 0.9815031
7636.74 0.98106277
7637.48 0.98062307
7638.2 0.98018724
7638.94 0.9797457
7639.68 0.9793068
7640.41 0.9788524
7641.15 0.9783758
7641.88 0.9779023
7642.62 0.9774295
7643.36 0.9769528
7644.09 0.97647756
7644.82 0.9760052
7645.56 0.9755281
7646.29 0.9750574
7647.03 0.9745824
7647.77 0.97410613
7648.5 0.9736341
7649.24 0.9731574
7649.98 0.9726833
7650.71 0.9728773
7651.45 0.9730941
7652.19 0.97331077
7652.93 0.9735262
7653.66 0.9737404
7654.4 0.9739555
7655.13 0.9741709
7655.87 0.97438514
7656.6 0.974598
7657.34 0.97481465
7658.08 0.9750311
7658.81 0.9752433
7659.55 0.9754593
7660.29 0.9758164
7661.03 0.976395
7661.77 0.9769696
7662.5 0.97754407
7663.24 0.9781216
7663.98 0.97869575
7664.71 0.9792669
7665.45 0.9798459
7666.19 0.9804239
7666.93 0.9810008
7667.66 0.9815707
7668.4 0.9821479
7669.15 0.9827252
7669.88 0.9832957
7670.62 0.98263174
7671.36 0.9817183
7672.09 0.98080873
7672.83 0.979901
7673.57 0.9789867
7674.31 0.9780782
7675.05 0.97716546
7675.78 0.97626066
7676.53 0.97534806
7677.27 0.97443604
7678.0 0.97353363
7678.74 0.97262055
7679.48 0.97171295
7680.22 0.9708514
7680.96 0.9700922
7681.7 0.9693408
7682.44 0.96858764
7683.18 0.9678307
7683.92 0.96707934
7684.66 0.96632457
7685.4 0.96556765
7686.13 0.96482
7686.88 0.9640627
7687.62 0.96330637
7688.35 0.962559
7689.1 0.9618023
7689.83 0.96105033
7690.57 0.96043855
7691.31 0.9598649
7692.06 0.9592938
7692.79 0.9587249
7693.54 0.95814997
7694.27 0.9575818
7695.02 0.9570089
7695.76 0.9564336
7696.49 0.95586485
7697.24 0.9552914
7697.98 0.95471793
7698.72 0.95415014
7699.46 0.9535774
7700.2 0.95298964
7700.94 0.9523517
7701.68 0.9517115
7702.42 0.9510735
7703.17 0.9504318
7703.91 0.9497961
7704.65 0.9491624
7705.39 0.9485211
7706.13 0.94788
7706.87 0.9472451
7707.61 0.9466045
7708.36 0.9459646
7709.1 0.94533104
7709.84 0.9446899
7710.58 0.94401234
7711.33 0.94331914
7712.07 0.94262964
7712.81 0.9419409
7713.55 0.9412463
7714.29 0.9405563
7715.03 0.9398731
7715.78 0.9391801
7716.52 0.9384877
7717.26 0.93780285
7718.01 0.9371094
7718.75 0.9364213
7719.49 0.9357288
7720.23 0.9351406
7720.98 0.93476987
7721.72 0.93439645
7722.46 0.9340251
7723.21 0.9336538
7723.95 0.9332815
7724.69 0.93290836
7725.44 0.9325342
7726.18 0.93216616
7726.93 0.93179244
7727.67 0.93141973
7728.41 0.9310506
7729.15 0.93067837
7729.9 0.9303062
7730.64 0.92954785
7731.38 0.9287289
7732.13 0.9279054
7732.88 0.92708516
7733.62 0.926261
7734.36 0.9254474
7735.11 0.92462456
7735.85 0.923801
7736.59 0.9229872
7737.34 0.9221639
7738.09 0.9213398
7738.83 0.9205267
7739.58 0.91970366
7740.32 0.91922516
7741.06 0.9191952
7741.81 0.9191641
7742.56 0.9191355
7743.3 0.91910625
7744.05 0.9190748
7744.79 0.919045
7745.53 0.91901445
7746.28 0.9189843
7747.02 0.91895396
7747.77 0.91892356
7748.52 0.9188936
7749.26 0.9188634
7750.01 0.91883475
7750.75 0.91902894
7751.5 0.9192249
7752.25 0.9194221
7752.99 0.91961616
7753.74 0.919811
7754.49 0.9200061
7755.23 0.9201996
7755.98 0.92039686
7756.73 0.9205919
7757.47 0.9207841
7758.22 0.92097914
7758.96 0.92117417
7759.71 0.9213676
7760.46 0.9211962
7761.2 0.920794
7761.95 0.9203904
7762.7 0.91998744
7763.44 0.9195848
7764.19 0.9191827
7764.94 0.9187774
7765.68 0.9183786
7766.43 0.9179744
7767.18 0.9175703
7767.93 0.91717106
7768.68 0.91676694
7769.42 0.916365
7770.17 0.9161345
7770.92 0.91648126
7771.67 0.9168283
7772.42 0.91717625
7773.16 0.9175223
7773.91 0.91786695
7774.66 0.9182149
7775.41 0.9185626
7776.15 0.9189071
7776.9 0.9192555
7777.65 0.9196036
7778.41 0.9199518
7779.15 0.92029566
7779.9 0.92064124
7780.65 0.9212361
7781.4 0.92186755
7782.14 0.92249906
7782.9 0.9231334
7783.64 0.9237628
7784.4 0.92439586
7785.14 0.92502284
7785.89 0.92565566
7786.64 0.9262906
7787.39 0.9269173
7788.14 0.9275505
7788.89 0.9281817
7789.64 0.92881095
7790.38 0.92922086
7791.14 0.92942315
7791.89 0.9296236
7792.64 0.9298265
7793.38 0.9300264
7794.14 0.9302288
7794.89 0.93043005
7795.63 0.93063015
7796.39 0.9308319
7797.14 0.93103397
7797.89 0.9312336
7798.64 0.9314356
7799.39 0.9316355
7800.14 0.9318912
7800.89 0.93239886
7801.64 0.9329032
7802.39 0.9334079
7803.14 0.93391514
7803.89 0.9344163
7804.64 0.93492466
7805.4 0.9354316
7806.14 0.93593097
7806.9 0.9364383
7807.65 0.93694496
7808.4 0.93744564
7809.15 0.93795216
7809.9 0.93845433
7810.65 0.93851566
7811.41 0.9385117
7812.16 0.9385072
7812.91 0.93850285
7813.66 0.9384981
7814.41 0.938494
7815.16 0.93849
7815.92 0.93848586
7816.67 0.93847936
7817.42 0.938474
7818.18 0.9384699
7818.92 0.9384645
7819.68 0.9384578
7820.43 0.9387056
7821.19 0.9391454
7821.94 0.939582
7822.69 0.94001865
7823.44 0.94045454
7824.2 0.9408931
7824.94 0.94132954
7825.7 0.9417661
7826.46 0.9422043
7827.2 0.94263726
7827.96 0.94307375
7828.71 0.9435084
7829.47 0.94394594
7830.22 0.9441804
7830.97 0.9439356
7831.73 0.94368905
7832.48 0.94344294
7833.23 0.9431981
7833.99 0.9429515
7834.74 0.94270194
7835.49 0.94245726
7836.25 0.94221
7837.01 0.94196147
7837.77 0.9417139
7838.51 0.9414697
7839.27 0.94122374
7840.02 0.94100237
7840.78 0.9416238
7841.53 0.9422427
7842.29 0.94286567
7843.04 0.9434853
7843.8 0.9441082
7844.55 0.9447254
7845.31 0.9453488
7846.06 0.9459713
7846.81 0.946586
7847.57 0.94720805
7848.33 0.9478276
7849.08 0.9484459
7849.83 0.94906324
7850.59 0.9478356
7851.35 0.94610256
7852.11 0.9443586
7852.86 0.9426275
7853.61 0.9408974
7854.37 0.9391568
7855.12 0.9374346
7855.88 0.9356974
7856.64 0.9339578
7857.39 0.93223935
7858.15 0.93050206
7858.91 0.9287751
7859.66 0.92704976
7860.42 0.92650914
7861.18 0.92692465
7861.93 0.9273389
7862.69 0.9277577
7863.44 0.9281695
7864.2 0.9285856
7864.96 0.9290035
7865.71 0.9294143
7866.47 0.9298309
7867.23 0.9302473
7867.98 0.9306583
7868.75 0.9310744
7869.5 0.93148714
7870.26 0.93151456
7871.02 0.9307916
7871.77 0.9300718
7872.53 0.9293515
7873.29 0.9286278
7874.04 0.92791337
7874.8 0.9271896
7875.56 0.92646736
7876.32 0.92575294
7877.08 0.9250297
7877.84 0.9243072
7878.59 0.9235929
7879.35 0.92286956
7880.11 0.92221016
7880.87 0.92189866
7881.63 0.92158717
7882.39 0.9212752
7883.15 0.9209605
7883.9 0.92065024
7884.66 0.92034
7885.42 0.920027
7886.18 0.9197142
7886.94 0.9194036
7887.7 0.9190905
7888.45 0.91877824
7889.22 0.91846466
7889.98 0.91815406
7890.73 0.9177509
7891.5 0.9173425
7892.25 0.91693705
7893.01 0.9165315
7893.77 0.91612405
7894.53 0.9157194
7895.29 0.9153165
7896.05 0.91490746
7896.81 0.9144998
7897.58 0.91409296
7898.33 0.9136902
7899.09 0.91328454
7899.85 0.912877
7900.61 0.9125171
7901.37 0.9121688
7902.13 0.91181844
7902.89 0.9114696
7903.66 0.91111857
7904.41 0.9107719
7905.18 0.91042185
7905.94 0.91007286
7906.69 0.9097257
7907.46 0.90937567
7908.22 0.9090252
7908.98 0.9086794
7909.74 0.9083302
7910.5 0.90791136
7911.26 0.90745956
7912.03 0.90700424
7912.79 0.9065516
7913.55 0.906101
7914.31 0.9056473
7915.07 0.90519893
7915.83 0.90474415
7916.6 0.90428996
7917.35 0.9038418
7918.12 0.9033887
7918.88 0.9029315
7919.64 0.90248287
7920.41 0.9022614
7921.17 0.9022452
7921.93 0.90222824
7922.69 0.90221
7923.45 0.9021929
7924.22 0.90217584
7924.98 0.90215707
7925.74 0.9021385
7926.5 0.90211964
7927.27 0.9021012
7928.03 0.9020844
7928.79 0.90206426
7929.56 0.90204626
7930.32 0.90182364
7931.08 0.9013108
7931.85 0.9008019
7932.61 0.9002924
7933.37 0.8997793
7934.14 0.8992697
7934.9 0.89876044
7935.66 0.89824873
7936.42 0.8977415
7937.19 0.89722854
7937.96 0.8967175
7938.72 0.8962116
7939.48 0.89569837
7940.24 0.8952918
7941.01 0.8951048
7941.77 0.8949178
7942.54 0.89472854
7943.31 0.89453906
7944.07 0.8943535
7944.83 0.89416593
7945.6 0.89397645
7946.36 0.89378774
7947.12 0.8936016
7947.89 0.8934123
7948.66 0.8932213
7949.43 0.89303154
7950.19 0.89266646
7950.95 0.89174306
7951.72 0.8908128
7952.48 0.889889
7953.25 0.888967
7954.01 0.8880381
7954.78 0.8871137
7955.54 0.88619715
7956.31 0.8852709
7957.08 0.8843435
7957.85 0.8834167
7958.6 0.8824996
7959.37 0.88157284
7960.14 0.8808358
7960.9 0.88092107
7961.67 0.88100696
7962.44 0.88109267
7963.2 0.8811778
7963.97 0.8812634
7964.73 0.88134885
7965.5 0.8814347
7966.27 0.88152087
7967.03 0.88160557
7967.8 0.8816913
7968.57 0.88177526
7969.33 0.88185847
7970.1 0.88185567
7970.87 0.88129205
7971.64 0.88072604
7972.41 0.88015634
7973.17 0.8795911
7973.94 0.879028
7974.71 0.87845933
7975.47 0.877897
7976.24 0.8773289
7977.01 0.8767613
7977.77 0.8762003
7978.54 0.8756316
7979.31 0.8750635
7980.08 0.8745335
7980.85 0.8742716
7981.61 0.87401134
7982.38 0.87375146
7983.15 0.8734897
7983.92 0.8732294
7984.69 0.8729689
7985.46 0.8727057
7986.22 0.8724455
7986.99 0.8721816
7987.77 0.87191844
7988.53 0.871658
7989.3 0.8713929
7990.07 0.87110394
7990.84 0.8706076
7991.61 0.87010443
7992.38 0.8696032
7993.14 0.8691019
7993.92 0.86859727
7994.68 0.8680952
7995.45 0.8675953
7996.22 0.8670917
7996.99 0.86659086
7997.76 0.8660867
7998.53 0.86558217
7999.3 0.86508334
8000.07 0.86459094
8000.84 0.8642348
8001.61 0.86387837
8002.38 0.86352056
8003.15 0.8631642
8003.92 0.8628032
8004.69 0.8624477
8005.46 0.8620941
8006.23 0.8617356
8007.0 0.8613771
8007.77 0.8610218
8008.54 0.8606626
8009.32 0.86030436
8010.09 0.8598635
8010.85 0.8588072
8011.62 0.85774404
8012.4 0.85667485
8013.17 0.85561293
8013.94 0.8545513
8014.71 0.8534832
8015.48 0.8524224
8016.25 0.8513619
8017.03 0.8502952
8017.8 0.84923375
8018.57 0.8481676
8019.34 0.8471127
8020.11 0.84624106
8020.88 0.8465183
8021.65 0.8467932
8022.43 0.8470669
8023.2 0.84734225
8023.97 0.8476175
8024.75 0.84789217
8025.52 0.8481655
8026.29 0.84843916
8027.06 0.8487145
8027.83 0.8489872
8028.61 0.84926146
8029.38 0.849536
8030.15 0.8496924
8030.92 0.8493679
8031.7 0.8490403
8032.47 0.848716
8033.24 0.8483906
8034.02 0.8480676
8034.79 0.8477421
8035.56 0.8474154
8036.34 0.8470917
8037.11 0.8467676
8037.89 0.84644055
8038.65 0.8461177
8039.43 0.8457916
8040.21 0.84564203
8040.98 0.84597576
8041.75 0.84631515
8042.52 0.8466527
8043.3 0.8469887
8044.07 0.8473256
8044.85 0.8476613
8045.62 0.8479983
8046.4 0.8483358
8047.17 0.84866965
8047.94 0.8490041
8048.72 0.84933954
8049.49 0.8496711
8050.27 0.8498651
8051.04 0.849789
8051.81 0.84971076
8052.59 0.84963375
8053.37 0.84955674
8054.14 0.8494787
8054.92 0.8494016
8055.69 0.8493242
8056.47 0.8492453
8057.24 0.8491669
8058.02 0.84908885
8058.79 0.8490118
8059.57 0.8489323
8060.34 0.8489611
8061.12 0.8491259
8061.9 0.84928936
8062.67 0.8494512
8063.45 0.8496155
8064.22 0.8497785
8065.0 0.84993917
8065.78 0.85010064
8066.55 0.8502624
8067.33 0.8504239
8068.11 0.85058343
8068.88 0.8507433
8069.66 0.8509047
8070.44 0.8510533
8071.21 0.8511927
8071.99 0.8513336
8072.76 0.8514731
8073.54 0.85161424
8074.32 0.8517547
8075.1 0.85189456
8075.88 0.8520338
8076.65 0.8521731
8077.43 0.8523122
8078.21 0.85245234
8078.98 0.8525939
8079.77 0.85273284
8080.54 0.8530456
8081.32 0.85344
8082.09 0.85383135
8082.87 0.85422444
8083.65 0.8546162
8084.43 0.8550104
8085.2 0.85540164
8085.99 0.8557939
8086.76 0.85618573
8087.54 0.85657614
8088.32 0.8569688
8089.1 0.8573606
8089.88 0.8577517
8090.66 0.85774505
8091.43 0.8576641
8092.21 0.8575833
8092.99 0.8575022
8093.77 0.8574214
8094.55 0.8573405
8095.33 0.85725886
8096.1 0.857176
8096.89 0.857096
8097.66 0.85701334
8098.44 0.8569311
8099.23 0.85684836
8100.0 0.8567667
8100.78 0.8572029
8101.56 0.8576378
8102.34 0.85806805
8103.12 0.8585046
8103.9 0.85893816
8104.68 0.8593711
8105.46 0.85980684
8106.24 0.8602395
8107.02 0.8606714
8107.8 0.8611069
8108.58 0.8615402
8109.36 0.8619755
8110.14 0.8622591
8110.92 0.8618886
8111.7 0.86151004
8112.48 0.8611346
8113.26 0.8607602
8114.04 0.86038435
8114.82 0.8600085
8115.6 0.8596351
8116.39 0.85925806
8117.17 0.85888183
8117.95 0.8585054
8118.73 0.85813093
8119.51 0.8577564
8120.29 0.85757935
8121.08 0.8577351
8121.85 0.85789067
8122.64 0.85804707
8123.42 0.8582018
8124.2 0.85835665
8124.98 0.858511
8125.76 0.85866636
8126.55 0.858821
8127.33 0.8589749
8128.11 0.8591295
8128.9 0.8592839
8129.68 0.8594364
8130.46 0.85930324
8131.24 0.85896957
8132.02 0.8586341
8132.81 0.85829806
8133.59 0.8579651
8134.37 0.8576308
8135.15 0.85729474
8135.94 0.85695845
8136.72 0.85662544
8137.5 0.8562887
8138.29 0.85595363
8139.07 0.85562104
8139.85 0.8552835
8140.64 0.8550366
8141.42 0.85480756
8142.2 0.8545803
8142.99 0.8543487
8143.77 0.8541197
8144.55 0.8538925
8145.34 0.85366374
8146.12 0.8534348
8146.9 0.85320634
8147.69 0.8529763
8148.48 0.85274816
8149.26 0.8525192
8150.05 0.8522825
8150.83 0.8519906
8151.61 0.851695
8152.4 0.8513988
8153.18 0.85110724
8153.96 0.85081196
8154.75 0.8505162
8155.53 0.8502218
8156.32 0.84992504
8157.1 0.84962934
8157.89 0.84933424
8158.68 0.84903735
8159.46 0.8487426
8160.24 0.84865683
8161.03 0.8490367
8161.81 0.8494127
8162.6 0.8497918
8163.39 0.8501704
8164.17 0.85054415
8164.96 0.85092264
8165.74 0.85129553
8166.53 0.8516695
8167.31 0.8520445
8168.1 0.8524162
8168.89 0.85278916
8169.67 0.85316056
8170.46 0.85299516
8171.25 0.8524476
8172.03 0.8519015
8172.81 0.8513602
8173.6 0.850812
8174.39 0.85026276
8175.18 0.84972
8175.97 0.84917223
8176.75 0.8486253
8177.54 0.8480799
8178.33 0.84753054
8179.11 0.84698313
8179.9 0.846434
8180.69 0.8466406
8181.47 0.8469527
8182.26 0.8472665
8183.05 0.84758097
8183.83 0.84789103
8184.62 0.84820586
8185.41 0.8485195
8186.2 0.8488297
8186.99 0.84914464
8187.77 0.84945637
8188.56 0.8497699
8189.35 0.85008156
8190.14 0.8502648
8190.93 0.84984076
8191.72 0.84941906
8192.5 0.8489977
8193.3 0.8485742
8194.08 0.8481535
8194.87 0.84772754
8195.66 0.84730935
8196.44 0.84688765
8197.24 0.8464637
8198.02 0.8460445
8198.81 0.8456223
8199.6 0.84519935
8200.39 0.845223
8201.18 0.8456955
8201.97 0.8461722
8202.76 0.8466455
8203.55 0.8471197
8204.34 0.8475896
8205.13 0.8480657
8205.92 0.8485386
8206.7 0.8490085
8207.49 0.8494808
8208.29 0.84995484
8209.08 0.8504259
8209.87 0.8508978
8210.66 0.85049176
8211.45 0.8499099
8212.24 0.84932375
8213.03 0.8487391
8213.82 0.84815735
8214.61 0.8475714
8215.4 0.8469913
8216.19 0.846406
8216.98 0.8458204
8217.77 0.84524083
8218.56 0.84465396
8219.35 0.8440709
8220.14 0.8435474
8220.94 0.8432898
8221.73 0.84303546
8222.52 0.8427802
8223.31 0.84252214
8224.1 0.8422658
8224.89 0.8420119
8225.69 0.8417537
8226.47 0.8414988
8227.27 0.8412417
8228.06 0.8409864
8228.85 0.8407271
8229.64 0.8404699
8230.43 0.83985513
8231.22 0.83894277
8232.02 0.83802885
8232.81 0.83711916
8233.6 0.8362018
8234.4 0.83529097
8235.19 0.83438146
8235.98 0.8334726
8236.77 0.832555
8237.56 0.8316505
8238.36 0.8307363
8239.15 0.8298266
8239.94 0.8289161
8240.74 0.8276278
8241.53 0.8263148
8242.32 0.8249964
8243.12 0.82368606
8243.91 0.82237536
8244.7 0.82105625
8245.5 0.8197471
8246.28 0.81844443
8247.08 0.81712705
8247.88 0.81581223
8248.67 0.81451327
8249.46 0.8131975
8250.26 0.81240547
8251.05 0.81269175
8251.85 0.8129747
8252.64 0.8132601
8253.44 0.813546
8254.23 0.81382877
8255.02 0.814113
8255.82 0.8143974
8256.61 0.8146813
8257.41 0.81496584
8258.2 0.8152459
8259.0 0.8155285
8259.79 0.8158095
8260.58 0.8155652
8261.38 0.815132
8262.18 0.81469446
8262.97 0.8142614
8263.76 0.81382823
8264.56 0.8133923
8265.36 0.8129583
8266.16 0.81252176
8266.95 0.81208867
8267.74 0.8116536
8268.54 0.811218
8269.33 0.81078804
8270.13 0.8102938
8270.93 0.8094796
8271.72 0.8086718
8272.52 0.80786425
8273.31 0.80705124
8274.11 0.80624104
8274.91 0.8054305
8275.7 0.80462253
8276.5 0.8038139
8277.3 0.80300176
8278.09 0.80219984
8278.89 0.80138505
8279.69 0.8005746
8280.48 0.79981005
8281.28 0.7990598
8282.08 0.79831153
8282.87 0.7975665
8283.67 0.79681677
8284.47 0.79607016
8285.26 0.7953241
8286.06 0.7945747
8286.86 0.79382956
8287.66 0.79308313
8288.46 0.7923336
8289.25 0.79159325
8290.05 0.7908086
8290.85 0.78952295
8291.64 0.7882395
8292.44 0.7869501
8293.24 0.78566766
8294.04 0.78438616
8294.84 0.78309876
8295.64 0.78181756
8296.44 0.78053266
8297.24 0.77925396
8298.03 0.77797586
8298.83 0.77669823
8299.63 0.77541566
8300.42 0.77508134
8301.23 0.7755663
8302.02 0.7760484
8302.82 0.77653104
8303.62 0.77701676
8304.42 0.77749664
8305.22 0.7779787
8306.02 0.77845997
8306.82 0.7789392
8307.62 0.77942145
8308.42 0.77990186
8309.22 0.7803808
8310.02 0.78081846
8310.82 0.77951664
8311.61 0.7782264
8312.42 0.7769244
8313.22 0.7756307
8314.02 0.7743282
8314.82 0.77303344
8315.62 0.77174103
8316.42 0.7704414
8317.22 0.76914877
8318.02 0.7678526
8318.82 0.76655436
8319.62 0.7652643
8320.42 0.7648172
8321.22 0.7651247
8322.02 0.7654345
8322.83 0.7657446
8323.62 0.7660489
8324.42 0.7663571
8325.23 0.7666686
8326.03 0.76697445
8326.83 0.7672825
8327.63 0.7675913
8328.43 0.7678984
8329.24 0.7682064
8330.04 0.7684407
8330.84 0.76717794
8331.64 0.765909
8332.44 0.7646545
8333.24 0.7633924
8334.04 0.76212454
8334.84 0.7608664
8335.65 0.7596064
8336.45 0.7583391
8337.25 0.7570809
8338.06 0.75581574
8338.86 0.7545573
8339.66 0.7533005
8340.47 0.7529776
8341.26 0.753341
8342.07 0.7537089
8342.87 0.75407594
8343.67 0.7544386
8344.48 0.7548044
8345.28 0.7551674
8346.08 0.75552964
8346.89 0.75589645
8347.69 0.7562589
8348.49 0.7566224
8349.3 0.7569876
8350.1 0.757255
8350.9 0.75686145
8351.71 0.75646174
8352.51 0.75606775
8353.31 0.755669
8354.12 0.7552692
8354.92 0.75487345
8355.73 0.7544756
8356.53 0.7540789
8357.33 0.7536828
8358.14 0.75328517
8358.94 0.75288904
8359.75 0.75248945
8360.55 0.751755
8361.36 0.750866
8362.16 0.7499731
8362.97 0.74908614
8363.77 0.7482032
8364.58 0.74730927
8365.38 0.74641776
8366.18 0.74553585
8366.99 0.74464285
8367.79 0.7437569
8368.6 0.74286467
8369.41 0.7419768
8370.21 0.74142313
8371.02 0.74180627
8371.82 0.7421838
8372.63 0.74256194
8373.44 0.74294275
8374.24 0.74332017
8375.04 0.74369425
8375.85 0.7440728
8376.66 0.7444482
8377.47 0.7448253
8378.27 0.74519986
8379.08 0.745572
8379.89 0.74594885
8380.69 0.74609375
8381.5 0.7462008
8382.31 0.7463089
8383.11 0.7464164
8383.92 0.7465261
8384.72 0.7466317
8385.53 0.74673855
8386.34 0.7468455
8387.14 0.74695134
8387.95 0.74705833
8388.76 0.7471648
8389.56 0.74727046
8390.37 0.74735326
8391.18 0.7474086
8391.99 0.7474627
8392.8 0.7475171
8393.6 0.7475709
8394.41 0.7476246
8395.22 0.7476779
8396.02 0.7477301
8396.84 0.7477834
8397.65 0.7478372
8398.45 0.7478897
8399.26 0.74794155
8400.07 0.7479779
8400.88 0.74783474
8401.69 0.74768794
8402.49 0.747542
8403.3 0.7473955
8404.11 0.74724627
8404.92 0.74709976
8405.73 0.7469531
8406.54 0.7468051
8407.34 0.7466593
8408.16 0.7465111
8408.96 0.7463623
8409.77 0.74621296
8410.58 0.74622345
8411.39 0.7462959
8412.2 0.74636734
8413.01 0.7464403
8413.82 0.74651223
8414.63 0.74658376
8415.44 0.7466553
8416.25 0.74672574
8417.06 0.74679595
8417.87 0.7468665
8418.68 0.74693525
8419.49 0.7470043
8420.3 0.74675554
8421.11 0.74596775
8421.92 0.7451738
8422.73 0.74438316
8423.54 0.74359477
8424.35 0.74280256
8425.16 0.7420136
8425.98 0.74122214
8426.79 0.7404349
8427.59 0.7396505
8428.41 0.7388573
8429.22 0.7380655
8430.03 0.73728085
8430.84 0.73639804
8431.65 0.7355175
8432.47 0.734633
8433.27 0.73375547
8434.09 0.7328781
8434.9 0.7319946
8435.71 0.7311192
8436.52 0.7302425
8437.34 0.72936094
8438.15 0.72848547
8438.95 0.72761685
8439.77 0.72673583
8440.58 0.7257887
8441.4 0.72482145
8442.21 0.723854
8443.02 0.72288847
8443.83 0.7219157
8444.65 0.7209478
8445.46 0.71998006
8446.27 0.71900815
8447.08 0.71804273
8447.9 0.7170711
8448.71 0.7161066
8449.52 0.71514165
8450.34 0.7139819
8451.15 0.71257114
8451.96 0.7111524
8452.77 0.7097272
8453.59 0.7083105
8454.4 0.7068961
8455.22 0.70547193
8456.03 0.7040579
8456.85 0.7026377
8457.66 0.70122355
8458.47 0.6998103
8459.29 0.6983898
8460.1 0.6970298
8460.91 0.6959884
8461.73 0.69494575
8462.54 0.69391453
8463.35 0.6928805
8464.17 0.6918407
8464.98 0.6908072
8465.8 0.6897668
8466.61 0.6887336
8467.43 0.6877007
8468.25 0.68666214
8469.06 0.68563044
8469.87 0.68459916
8470.69 0.6833743
8471.5 0.68213063
8472.32 0.68087274
8473.13 0.67962056
8473.95 0.678371
8474.77 0.6771169
8475.58 0.67586684
8476.4 0.67461765
8477.22 0.6733625
8478.03 0.6721151
8478.84 0.6708659
8479.66 0.66961265
8480.48 0.6682877
8481.29 0.6669068
8482.11 0.66551816
8482.92 0.66414195
8483.74 0.66275066
8484.56 0.661367
8485.37 0.65998346
8486.19 0.65859234
8487.01 0.6572073
8487.82 0.65582293
8488.64 0.6544304
8489.46 0.653046
8490.28 0.65114313
8491.09 0.6482635
8491.91 0.64539003
8492.73 0.64251894
8493.55 0.6396311
8494.36 0.63678443
8495.18 0.6339026
8496.0 0.6310385
8496.82 0.62816644
8497.63 0.62530935
8498.45 0.6224551
8499.27 0.6195865
8500.09 0.6166888
8500.9 0.61337173
8501.73 0.61003864
8502.54 0.6067276
8503.35 0.6034354
8504.17 0.6001103
8505.0 0.59678245
8505.82 0.593461
8506.63 0.5901757
8507.45 0.5868735
8508.27 0.58355445
8509.09 0.58025724
8509.91 0.57696223
8510.73 0.57203144
8511.55 0.5669234
8512.37 0.5617873
8513.19 0.5566785
8514.0 0.5515783
8514.83 0.546443
8515.64 0.5413724
8516.46 0.53627354
8517.28 0.53115255
8518.1 0.5260591
8518.92 0.52096695
8519.74 0.515847
8520.56 0.5097811
8521.38 0.5032254
8522.2 0.49670425
8523.02 0.49019477
8523.84 0.48365185
8524.66 0.4771815
8525.48 0.47063792
8526.31 0.46410626
8527.12 0.45764798
8527.94 0.45115495
8528.76 0.444628
8529.58 0.4381438
8530.41 0.43108106
8531.23 0.423512
8532.05 0.41594285
8532.87 0.40834334
8533.69 0.4007981
8534.51 0.39325204
8535.33 0.38567773
8536.15 0.3781926
8536.98 0.37062547
8537.8 0.3630766
8538.61 0.355607
8539.44 0.34807315
8540.26 0.34051824
8541.08 0.3328577
8541.91 0.32515466
8542.73 0.3175031
8543.55 0.30984607
8544.37 0.3021568
8545.19 0.29450873
8546.02 0.28682896
8546.84 0.27918956
8547.66 0.27159953
8548.48 0.26392388
8549.31 0.2562528
8550.13 0.24881572
8550.95 0.24206504
8551.77 0.23535854
8552.59 0.22865765
8553.42 0.22191413
8554.24 0.21522364
8555.07 0.20849879
8555.89 0.20180956
8556.71 0.19512595
8557.54 0.18840757
8558.36 0.18174183
8559.18 0.17510514
8560.01 0.1684198
8560.83 0.16361426
8561.66 0.15878391
8562.48 0.15398504
8563.3 0.14918923
8564.13 0.14436263
8564.95 0.13957377
8565.77 0.13478206
8566.6 0.12997113
8567.43 0.12518615
8568.24 0.12043254
8569.07 0.115625665
8569.9 0.110822074
8570.73 0.10722621
8571.55 0.10383819
8572.37 0.10042871
8573.2 0.09700586
8574.02 0.09360582
8574.85 0.09020419
8575.67 0.08678954
8576.5 0.083393745
8577.32 0.08000069
8578.15 0.07659431
8578.98 0.07320653
8579.81 0.06980171
8580.62 0.067529105
8581.45 0.065576285
8582.28 0.063625276
8583.1 0.061696626
8583.93 0.059760194
8584.76 0.05781196
8585.58 0.05587903
8586.41 0.053934053
8587.24 0.05200452
8588.06 0.05007431
8588.89 0.048134446
8589.72 0.04620768
8590.54 0.044711456
8591.37 0.04343402
8592.19 0.04217252
8593.02 0.040895607
8593.85 0.039628707
8594.67 0.038362835
8595.5 0.03708888
8596.33 0.035823397
8597.16 0.03456057
8597.99 0.033289727
8598.81 0.032027397
8599.64 0.030766051
8600.47 0.029764827
8601.3 0.028973999
8602.12 0.028183736
8602.95 0.027389346
8603.77 0.02660405
8604.61 0.025810905
8605.43 0.025023019
8606.26 0.024234796
8607.09 0.023442471
8607.92 0.022656245
8608.75 0.021869753
8609.58 0.021079218
8610.4 0.020433405
8611.24 0.01993095
8612.06 0.019431772
8612.89 0.018935306
8613.72 0.018433927
8614.55 0.017932903
8615.37 0.01743751
8616.21 0.016937174
8617.03 0.01643954
8617.86 0.015942242
8618.69 0.015443002
8619.52 0.01494647
8620.35 0.014512987
8621.18 0.014170028
8622.01 0.013827443
8622.84 0.01348314
8623.67 0.013140813
8624.5 0.012801219
8625.33 0.012457547
8626.16 0.012114644
8626.99 0.011773711
8627.82 0.011433503
8628.65 0.011093231
8629.48 0.010751282
8630.31 0.010448326
8631.14 0.010205928
8631.98 0.0099623045
8632.81 0.009720328
8633.64 0.009478286
8634.47 0.009235324
8635.3 0.008994005
8636.13 0.008751199
8636.96 0.008511453
8637.79 0.008270803
8638.62 0.008028656
8639.45 0.0077881515
8640.28 0.007570432
8641.12 0.007395397
8641.95 0.007221516
8642.78 0.0070477407
8643.61 0.0068730693
8644.44 0.0066993292
8645.28 0.006524882
8646.1 0.0063524074
8646.94 0.0061782086
8647.78 0.006003944
8648.6 0.005831815
8649.43 0.0056589907
8650.27 0.0055006538
8651.1 0.0053760563
8651.94 0.00525082
8652.77 0.005126429
8653.6 0.0050019766
8654.43 0.0048770346
8655.27 0.004752924
8656.1 0.0046287724
8656.93 0.0045041405
8657.76 0.0043809097
8658.6 0.004256313
8659.43 0.004132553
8660.26 0.004020516
8661.1 0.0039334567
8661.93 0.0038467592
8662.76 0.003760235
8663.6 0.0036732673
8664.43 0.0035868757
8665.26 0.0035004439
8666.1 0.003413678
8666.93 0.0033273841
8667.77 0.0032412529
8668.6 0.0031545786
8669.43 0.003068984
8670.27 0.002998618
8671.1 0.0029624288
8671.94 0.002926262
8672.77 0.0028899182
8673.61 0.0028538234
8674.44 0.0028177616
8675.28 0.002781475
8676.11 0.002745469
8676.95 0.0027092942
8677.78 0.0026733177