5413.9 0.001768135
5414.58 0.001802348
5415.26 0.0018365788
5415.93 0.0018706725
5416.61 0.001904783
5417.29 0.0019390825
5417.96 0.001973102
5418.64 0.002007429
5419.31 0.0020417732
5419.99 0.00207584
5420.67 0.002223227
5421.34 0.0023722067
5422.02 0.002521139
5422.7 0.0026708792
5423.37 0.0028200278
5424.05 0.0029693386
5424.73 0.0031192426
5425.41 0.003269311
5426.08 0.0034187906
5426.76 0.0035689822
5427.44 0.0037185764
5428.12 0.003868875
5428.79 0.0040186862
5429.47 0.0041684513
5430.15 0.004318414
5430.82 0.004468574
5431.5 0.004619449
5432.18 0.004769741
5432.86 0.0049202084
5433.54 0.005071397
5434.21 0.0052220034
5434.89 0.0053726756
5435.57 0.0055240663
5436.25 0.0056748767
5436.93 0.0058258707
5437.61 0.005977462
5438.28 0.00612858
5438.97 0.006280422
5439.64 0.0064317887
5440.32 0.0067032375
5441.0 0.0071047232
5441.68 0.007506061
5442.36 0.007907855
5443.04 0.008309812
5443.72 0.008713926
5444.4 0.009117913
5445.07 0.009518877
5445.76 0.009923472
5446.44 0.0103282295
5447.11 0.010729661
5447.8 0.0111347055
5448.48 0.011540209
5449.16 0.011943836
5449.84 0.012347913
5450.52 0.012917023
5451.2 0.013538491
5451.88 0.014157096
5452.56 0.014776001
5453.24 0.015398295
5453.92 0.016018175
5454.6 0.01663833
5455.28 0.017258756
5455.96 0.017879905
5456.64 0.01850357
5457.32 0.019122584
5458.0 0.019747224
5458.69 0.020372145
5459.36 0.02099198
5460.05 0.021642042
5460.73 0.02261313
5461.41 0.023579698
5462.1 0.024551505
5462.78 0.025520192
5463.46 0.026492685
5464.14 0.027466213
5464.82 0.028431034
5465.51 0.029405262
5466.19 0.030379824
5466.87 0.03134641
5467.55 0.032322362
5468.23 0.033293772
5468.92 0.034266245
5469.6 0.035239037
5470.28 0.036392007
5470.96 0.037811343
5471.65 0.039225243
5472.33 0.04064083
5473.01 0.0420632
5473.7 0.04348616
5474.38 0.044903725
5475.06 0.04632196
5475.75 0.047747876
5476.43 0.049174536
5477.11 0.050588593
5477.8 0.052016493
5478.48 0.05344613
5479.16 0.054863203
5479.85 0.056293227
5480.53 0.057789512
5481.22 0.059291672
5481.9 0.060807284
5482.58 0.062316984
5483.27 0.06382821
5483.95 0.06534522
5484.64 0.06685728
5485.32 0.06836988
5486.01 0.06988949
5486.69 0.071409546
5487.38 0.07291821
5488.06 0.07443923
5488.75 0.0759617
5489.43 0.07747819
5490.12 0.07891705
5490.8 0.07998166
5491.48 0.0810368
5492.17 0.082102075
5492.86 0.08316771
5493.54 0.08422376
5494.23 0.08529072
5494.91 0.086352736
5495.6 0.08741582
5496.29 0.08848304
5496.97 0.0895468
5497.66 0.090610854
5498.35 0.09168057
5499.03 0.092749864
5499.72 0.093815684
5500.4 0.095396146
5501.09 0.09734722
5501.78 0.09929764
5502.47 0.10124092
5503.15 0.10318521
5503.84 0.105131716
5504.52 0.10707931
5505.21 0.10903619
5505.9 0.11098562
5506.59 0.11293608
5507.27 0.1148972
5507.96 0.116850935
5508.65 0.1188042
5509.34 0.120769635
5510.02 0.12276802
5510.71 0.12592192
5511.4 0.12909219
5512.09 0.13224968
5512.77 0.1354059
5513.46 0.13858083
5514.15 0.14175443
5514.84 0.14491768
5515.53 0.14807937
5516.22 0.15125753
5516.91 0.15442319
5517.59 0.15758988
5518.28 0.16077295
5518.97 0.16394079
5519.66 0.16711196
5520.35 0.17011827
5521.04 0.1729683
5521.73 0.17583324
5522.42 0.17869724
5523.11 0.18155223
5523.8 0.18440825
5524.49 0.18727745
5525.18 0.19013539
5525.87 0.19300656
5526.56 0.19586664
5527.25 0.19874197
5527.94 0.20160607
5528.62 0.20447104
5529.31 0.2073371
5530.0 0.2102033
5530.69 0.21286154
5531.39 0.21550958
5532.07 0.21815641
5532.76 0.22080645
5533.45 0.22345701
5534.15 0.22612147
5534.84 0.22878674
5535.53 0.23145345
5536.22 0.23410973
5536.91 0.23676684
5537.6 0.23943608
5538.3 0.24210796
5538.98 0.24475597
5539.68 0.24742995
5540.37 0.2498592
5541.06 0.25205716
5541.75 0.25427452
5542.44 0.25648448
5543.13 0.25869346
5543.83 0.2609138
5544.52 0.2631161
5545.21 0.26533914
5545.9 0.26755163
5546.59 0.26976484
5547.29 0.2719898
5547.98 0.27421522
5548.67 0.27643135
5549.36 0.27865008
5550.06 0.280903
5550.75 0.2834416
5551.44 0.28596005
5552.14 0.28850102
5552.83 0.291043
5553.52 0.29356462
5554.22 0.29611057
5554.91 0.29865798
5555.6 0.30118364
5556.3 0.30373532
5556.99 0.30627546
5557.68 0.30881634
5558.38 0.31137106
5559.07 0.3139143
5559.76 0.31646022
5560.46 0.31889296
5561.15 0.32125816
5561.84 0.3236042
5562.54 0.3259725
5563.24 0.3283413
5563.93 0.330701
5564.62 0.33306152
5565.32 0.3354339
5566.01 0.33779523
5566.71 0.34015965
5567.4 0.34253418
5568.09 0.3448893
5568.79 0.34726542
5569.48 0.34963238
5570.18 0.35198227
5570.88 0.35428593
5571.57 0.35659054
5572.27 0.35888577
5572.96 0.36118114
5573.66 0.36348823
5574.35 0.36578456
5575.05 0.3680826
5575.75 0.37039176
5576.44 0.37270236
5577.14 0.37500176
5577.84 0.37730336
5578.53 0.3796148
5579.23 0.38190576
5579.92 0.3842181
5580.62 0.38588828
5581.31 0.3874791
5582.01 0.38907796
5582.71 0.39066347
5583.4 0.3922642
5584.1 0.39386624
5584.8 0.39546
5585.5 0.39706263
5586.19 0.39865807
5586.89 0.4002615
5587.59 0.4018588
5588.29 0.4034566
5588.99 0.40506265
5589.68 0.40666285
5590.38 0.40774706
5591.08 0.40840483
5591.78 0.40906015
5592.47 0.40971673
5593.17 0.41037568
5593.87 0.41103256
5594.57 0.41168958
5595.26 0.4123434
5595.96 0.4130036
5596.66 0.41366425
5597.36 0.41432288
5598.06 0.4149841
5598.76 0.41564167
5599.46 0.41630372
5600.16 0.41720578
5600.85 0.41894588
5601.56 0.42069545
5602.25 0.42243794
5602.95 0.424181
5603.65 0.42593235
5604.35 0.4276771
5605.05 0.42942384
5605.75 0.43117762
5606.45 0.43292412
5607.15 0.43467242
5607.85 0.4364295
5608.55 0.4381792
5609.25 0.43993077
5609.95 0.4416893
5610.65 0.44350576
5611.35 0.44532934
5612.05 0.44716233
5612.75 0.44898695
5613.45 0.4508132
5614.15 0.4526482
5614.85 0.45447683
5615.55 0.4563057
5616.26 0.45814434
5616.96 0.45997408
5617.66 0.46180746
5618.36 0.46364853
5619.06 0.46548986
5619.77 0.4673338
5620.46 0.46970943
5621.17 0.47238782
5621.87 0.4750677
5622.57 0.47772345
5623.27 0.48040605
5623.98 0.48308834
5624.67 0.48574817
5625.38 0.48843327
5626.08 0.49111974
5626.78 0.4937841
5627.48 0.49647138
5628.19 0.49916178
5628.89 0.50182885
5629.59 0.50452054
5630.3 0.5067316
5630.99 0.5082636
5631.7 0.5098119
5632.4 0.5113587
5633.1 0.512894
5633.81 0.51444316
5634.51 0.5159931
5635.21 0.5175306
5635.92 0.51908153
5636.62 0.5206338
5637.32 0.52217364
5638.03 0.5237273
5638.73 0.5252805
5639.43 0.526822
5640.14 0.52836865
5640.85 0.5298768
5641.55 0.5313725
5642.25 0.53288287
5642.96 0.5343952
5643.66 0.53589326
5644.36 0.5374048
5645.07 0.538918
5645.77 0.5404196
5646.48 0.5419337
5647.19 0.5434488
5647.89 0.54495245
5648.59 0.54646975
5649.3 0.5479876
5650.0 0.5494918
5650.71 0.5499417
5651.41 0.55039126
5652.12 0.5508371
5652.82 0.5512873
5653.53 0.55173784
5654.23 0.5521848
5654.94 0.55263585
5655.65 0.5530869
5656.36 0.55353826
5657.06 0.55398804
5657.77 0.5544377
5658.48 0.55488974
5659.18 0.5553403
5659.89 0.5557909
5660.59 0.5568946
5661.3 0.5581185
5662.0 0.5593439
5662.71 0.56057644
5663.42 0.561803
5664.12 0.56303084
5664.83 0.56426483
5665.54 0.5654936
5666.25 0.5667228
5666.95 0.5679578
5667.66 0.5691889
5668.37 0.57041955
5669.08 0.5716571
5669.78 0.57288903
5670.49 0.57441974
5671.2 0.57609123
5671.91 0.57775724
5672.61 0.57942325
5673.32 0.5810988
5674.03 0.58276635
5674.74 0.5844347
5675.45 0.5861119
5676.16 0.5877818
5676.86 0.58945453
5677.57 0.5911341
5678.28 0.5928074
5678.99 0.5944835
5679.7 0.59616494
5680.41 0.5968926
5681.12 0.59692144
5681.83 0.5969503
5682.53 0.5969787
5683.24 0.59700704
5683.95 0.5970365
5684.66 0.59706473
5685.37 0.59709316
5686.08 0.597122
5686.79 0.59715146
5687.5 0.59717983
5688.21 0.5972081
5688.92 0.5972366
5689.63 0.5972654
5690.34 0.5970478
5691.05 0.5965659
5691.76 0.5960832
5692.47 0.595599
5693.19 0.59511435
5693.9 0.5946293
5694.6 0.594149
5695.32 0.59366375
5696.03 0.59317786
5696.74 0.5926961
5697.45 0.5922098
5698.16 0.59172595
5698.87 0.5912404
5699.58 0.5907538
5700.3 0.5900809
5701.01 0.5891551
5701.72 0.5882216
5702.43 0.58728707
5703.14 0.5863607
5703.85 0.5854243
5704.56 0.5844916
5705.27 0.58355856
5705.99 0.5826207
5706.7 0.5816836
5707.41 0.580753
5708.13 0.57981193
5708.84 0.57887185
5709.55 0.5779396
5710.26 0.57770246
5710.98 0.57866347
5711.69 0.5796235
5712.4 0.58059007
5713.12 0.5815562
5713.83 0.58251405
5714.54 0.58348227
5715.26 0.5844502
5715.97 0.5854116
5716.68 0.5863806
5717.39 0.58734584
5718.11 0.58831155
5718.82 0.5892828
5719.54 0.59025484
5720.25 0.59151095
5720.96 0.5933264
5721.68 0.5951455
5722.39 0.5969483
5723.11 0.59876674
5723.82 0.60057825
5724.53 0.6023887
5725.25 0.60420984
5725.97 0.6060325
5726.68 0.6078383
5727.39 0.6096611
5728.11 0.61148506
5728.82 0.61329335
5729.54 0.61511713
5730.25 0.61703223
5730.97 0.6191442
5731.69 0.62123877
5732.4 0.62333524
5733.12 0.62544185
5733.83 0.6275413
5734.55 0.6296408
5735.27 0.63175166
5735.98 0.63385534
5736.69 0.6359589
5737.41 0.6380745
5738.13 0.64018196
5738.84 0.64229083
5739.56 0.64440954
5740.28 0.6461803
5740.99 0.6474119
5741.71 0.6486528
5742.43 0.6498865
5743.14 0.6511206
5743.86 0.6523607
5744.58 0.65359634
5745.29 0.6548321
5746.01 0.6560743
5746.73 0.65731174
5747.44 0.65854913
5748.16 0.65979403
5748.88 0.6610322
5749.6 0.66227114
5750.32 0.6628958
5751.03 0.6627289
5751.75 0.66256195
5752.47 0.6623931
5753.19 0.6622242
5753.9 0.6620556
5754.62 0.6618877
5755.34 0.66171986
5756.06 0.6615512
5756.78 0.6613826
5757.5 0.66121393
5758.21 0.6610449
5758.93 0.6608753
5759.65 0.6607078
5760.37 0.6605132
5761.09 0.66029173
5761.81 0.6600729
5762.53 0.6598542
5763.25 0.65963405
5763.97 0.65941346
5764.69 0.65919405
5765.41 0.6589733
5766.12 0.6587541
5766.84 0.6585354
5767.56 0.65831536
5768.28 0.65809596
5769.01 0.6578745
5769.73 0.6576552
5770.45 0.65779895
5771.17 0.6581672
5771.89 0.6585314
5772.61 0.6588991
5773.33 0.6592676
5774.05 0.65963304
5774.77 0.6600013
5775.49 0.6603701
5776.21 0.6607362
5776.93 0.6611051
5777.66 0.6614757
5778.37 0.66184324
5779.1 0.662214
5779.82 0.6625846
5780.54 0.6632765
5781.26 0.66408515
5781.98 0.66489303
5782.7 0.66569674
5783.43 0.6665068
5784.15 0.6673175
5784.87 0.66812193
5785.59 0.6689336
5786.31 0.66974515
5787.03 0.67054915
5787.76 0.6713621
5788.48 0.67217535
5789.2 0.67298234
5789.92 0.673796
5790.65 0.6757657
5791.37 0.67785066
5792.09 0.679956
5792.82 0.6820629
5793.54 0.6841529
5794.26 0.6862618
5794.99 0.68837106
5795.71 0.690464
5796.43 0.6925776
5797.16 0.69469273
5797.88 0.6967899
5798.6 0.69890636
5799.33 0.7010254
5800.05 0.7029891
5800.77 0.7030197
5801.5 0.70305
5802.22 0.7030796
5802.95 0.7031103
5803.67 0.7031407
5804.39 0.70317143
5805.12 0.7032024
5805.85 0.703232
5806.57 0.7032626
5807.3 0.7032938
5808.02 0.70332575
5808.75 0.70335746
5809.47 0.7033883
5810.19 0.7034106
5810.92 0.70341027
5811.65 0.7034086
5812.37 0.7034073
5813.1 0.70340663
5813.82 0.70340514
5814.55 0.70340425
5815.27 0.70340395
5816.0 0.7034042
5816.72 0.70340234
5817.45 0.7034018
5818.18 0.7034014
5818.9 0.7034002
5819.63 0.7034006
5820.36 0.70339155
5821.08 0.70337296
5821.81 0.70335394
5822.54 0.7033355
5823.26 0.70331764
5823.99 0.7033005
5824.72 0.70328194
5825.44 0.7032636
5826.17 0.70324516
5826.9 0.7032277
5827.62 0.70320934
5828.35 0.70319104
5829.08 0.70317405
5829.81 0.7031564
5830.54 0.70394295
5831.26 0.70501715
5831.99 0.7060927
5832.72 0.7071726
5833.45 0.70824915
5834.17 0.70932645
5834.9 0.71040857
5835.63 0.71148723
5836.36 0.71256524
5837.09 0.7136488
5837.81 0.7147279
5838.54 0.71580905
5839.27 0.71689564
5840.0 0.717977
5840.73 0.7193407
5841.46 0.7207114
5842.19 0.72207725
5842.92 0.72344357
5843.65 0.724817
5844.38 0.7261855
5845.1 0.7275538
5845.84 0.7289293
5846.57 0.7303062
5847.3 0.73168385
5848.02 0.7330515
5848.76 0.73443055
5849.49 0.7358049
5850.22 0.7368662
5850.95 0.73718053
5851.68 0.73749524
5852.41 0.7378075
5853.14 0.738123
5853.87 0.7384388
5854.6 0.7387508
5855.33 0.7390663
5856.06 0.7393815
5856.79 0.7396968
5857.52 0.7400142
5858.26 0.74033123
5858.98 0.7406459
5859.72 0.74096334
5860.45 0.74081254
5861.18 0.74037087
5861.91 0.73992527
5862.64 0.73948205
5863.37 0.73903805
5864.11 0.73859066
5864.84 0.73814476
5865.57 0.7377022
5866.3 0.7372546
5867.04 0.73680663
5867.77 0.7363627
5868.5 0.73591477
5869.23 0.7354686
5869.96 0.735023
5870.7 0.73443484
5871.43 0.7338391
5872.16 0.73324794
5872.9 0.73265207
5873.63 0.7320562
5874.36 0.73146427
5875.09 0.73086715
5875.83 0.73027384
5876.56 0.7296792
5877.29 0.7290815
5878.03 0.7284844
5878.76 0.7278918
5879.49 0.7272943
5880.23 0.72716606
5880.96 0.7280572
5881.7 0.7289559
5882.43 0.72985154
5883.16 0.7307481
5883.9 0.73164856
5884.64 0.7325505
5885.37 0.73345363
5886.11 0.7343522
5886.84 0.73525095
5887.58 0.73615575
5888.31 0.73705643
5889.04 0.7379579
5889.78 0.7388636
5890.52 0.73978174
5891.25 0.7407074
5891.99 0.7416376
5892.72 0.7425645
5893.46 0.743492
5894.19 0.74442416
5894.93 0.7453534
5895.66 0.74628264
5896.4 0.7472168
5897.14 0.7481486
5897.87 0.74908066
5898.61 0.75001615
5899.34 0.7509493
5900.08 0.7517999
5900.82 0.75195247
5901.55 0.7521029
5902.29 0.7522534
5903.03 0.7524062
5903.76 0.752558
5904.5 0.7527096
5905.24 0.7528623
5905.97 0.7530147
5906.71 0.7531672
5907.45 0.75332004
5908.19 0.7534725
5908.92 0.753627
5909.66 0.7537806
5910.4 0.75349367
5911.13 0.75283235
5911.87 0.7521691
5912.61 0.751507
5913.35 0.7508447
5914.09 0.75017965
5914.82 0.7495186
5915.56 0.7488563
5916.3 0.74819046
5917.04 0.7475282
5917.78 0.7468654
5918.52 0.74619937
5919.26 0.7455359
5919.99 0.7448728
5920.73 0.7445532
5921.47 0.74423736
5922.21 0.7439212
5922.95 0.74360466
5923.69 0.74328756
5924.43 0.7429701
5925.17 0.7426537
5925.91 0.7423352
5926.65 0.7420174
5927.39 0.741702
5928.13 0.7413835
5928.87 0.74106574
5929.61 0.74074906
5930.35 0.7402874
5931.09 0.7396666
5931.83 0.73904675
5932.57 0.7384236
5933.31 0.7378001
5934.05 0.73718107
5934.79 0.736558
5935.53 0.73593646
5936.27 0.73531455
5937.02 0.7346899
5937.76 0.73406804
5938.49 0.73344475
5939.24 0.7328182
5939.98 0.732192
5940.72 0.7329863
5941.46 0.73382455
5942.2 0.7346602
5942.94 0.73549557
5943.69 0.73633635
5944.43 0.7371733
5945.17 0.73801035
5945.91 0.7388515
5946.66 0.7396941
5947.4 0.7405292
5948.14 0.7413719
5948.88 0.7422119
5949.62 0.74305284
5950.37 0.7443087
5951.11 0.74598116
5951.85 0.747654
5952.6 0.7493346
5953.34 0.75101763
5954.08 0.75268775
5954.82 0.75437427
5955.57 0.75605094
5956.31 0.75773025
5957.05 0.759419
5957.8 0.7611022
5958.54 0.7627866
5959.28 0.76447815
5960.03 0.7661531
5960.77 0.76739764
5961.52 0.76865464
5962.26 0.76990706
5963.0 0.7711603
5963.75 0.7724254
5964.5 0.77368075
5965.24 0.77494216
5965.99 0.7761991
5966.73 0.77745754
5967.48 0.7787223
5968.22 0.77998245
5968.96 0.7812442
5969.71 0.78251123
5970.45 0.78282475
5971.2 0.782534
5971.95 0.782242
5972.69 0.7819503
5973.44 0.7816594
5974.18 0.7813675
5974.93 0.78107566
5975.67 0.7807839
5976.42 0.7804907
5977.16 0.78019834
5977.91 0.7799057
5978.66 0.77961296
5979.4 0.7793209
5980.15 0.77894175
5980.9 0.77820915
5981.64 0.7774812
5982.39 0.7767522
5983.14 0.7760195
5983.88 0.77528995
5984.63 0.7745582
5985.38 0.7738231
5986.12 0.7730907
5986.87 0.77235913
5987.62 0.77162415
5988.36 0.77089155
5989.11 0.77015674
5989.86 0.7694197
5990.61 0.76815313
5991.35 0.7667635
5992.1 0.76536673
5992.85 0.7639768
5993.6 0.7625829
5994.35 0.76118386
5995.09 0.7597906
5995.84 0.7583937
5996.59 0.75699115
5997.34 0.7555948
5998.09 0.754197
5998.84 0.75279087
5999.59 0.75139123
6000.33 0.7509404
6001.08 0.75167394
6001.83 0.75240624
6002.58 0.7531381
6003.33 0.75387406
6004.08 0.7546096
6004.83 0.7553416
6005.58 0.756075
6006.33 0.7568116
6007.08 0.75754917
6007.83 0.7582807
6008.58 0.75901777
6009.33 0.75975204
6010.08 0.7605277
6010.83 0.76164705
6011.58 0.7627608
6012.33 0.76387566
6013.08 0.7649974
6013.83 0.76611865
6014.58 0.7672303
6015.33 0.7683526
6016.08 0.7694716
6016.83 0.77059025
6017.59 0.771713
6018.34 0.7728318
6019.09 0.7739516
6019.84 0.7750782
6020.59 0.7770737
6021.34 0.7792878
6022.09 0.78152186
6022.84 0.7837477
6023.6 0.7859756
6024.35 0.78821295
6025.1 0.79044163
6025.85 0.79267395
6026.6 0.7949171
6027.36 0.7971615
6028.11 0.7993883
6028.86 0.80163383
6029.61 0.80387294
6030.36 0.80541945
6031.12 0.8062328
6031.87 0.8070444
6032.62 0.8078556
6033.38 0.8086713
6034.13 0.80948734
6034.88 0.8102957
6035.64 0.81111205
6036.39 0.81192607
6037.14 0.8127407
6037.9 0.813558
6038.65 0.81437415
6039.4 0.8151902
6040.16 0.8159152
6040.91 0.8162827
6041.66 0.8166498
6042.42 0.81701916
6043.17 0.8173862
6043.93 0.8177564
6044.69 0.818124
6045.44 0.81849223
6046.2 0.8188627
6046.95 0.8192314
6047.7 0.8195982
6048.46 0.81996846
6049.21 0.8203378
6049.97 0.82070595
6050.73 0.82083595
6051.48 0.8209558
6052.23 0.82107586
6052.99 0.82119685
6053.74 0.8213157
6054.5 0.8214365
6055.26 0.82155794
6056.01 0.8216766
6056.77 0.8217962
6057.52 0.8219162
6058.28 0.82203627
6059.03 0.8221565
6059.79 0.8222757
6060.55 0.82183874
6061.3 0.8211904
6062.06 0.82053745
6062.82 0.8198898
6063.57 0.81923985
6064.33 0.81858593
6065.09 0.8179352
6065.85 0.81728417
6066.6 0.81662905
6067.36 0.8159774
6068.12 0.81532556
6068.88 0.8146691
6069.63 0.8140154
6070.39 0.8137091
6071.15 0.81373245
6071.9 0.81375504
6072.66 0.8137788
6073.42 0.8138015
6074.18 0.8138239
6074.94 0.81384856
6075.7 0.81387126
6076.45 0.8138933
6077.21 0.8139157
6077.97 0.8139387
6078.73 0.81396145
6079.49 0.81398404
6080.25 0.8141617
6081.01 0.8146612
6081.76 0.8151598
6082.52 0.81566197
6083.28 0.81616133
6084.04 0.8166625
6084.8 0.817164
6085.56 0.8176671
6086.32 0.81816727
6087.08 0.8186671
6087.84 0.819173
6088.6 0.8196742
6089.36 0.8201752
6090.12 0.8204774
6090.88 0.8197271
6091.64 0.8189772
6092.4 0.81822217
6093.16 0.81747025
6093.92 0.81671906
6094.68 0.8159628
6095.44 0.81520957
6096.2 0.8144561
6096.97 0.8136988
6097.73 0.8129431
6098.49 0.81218743
6099.25 0.8114288
6100.01 0.81065714
6100.77 0.808659
6101.53 0.8066536
6102.29 0.80465627
6103.06 0.80265486
6103.82 0.8006463
6104.58 0.7986433
6105.34 0.7966391
6106.1 0.7946239
6106.86 0.7926193
6107.63 0.7906115
6108.39 0.78859526
6109.15 0.78658444
6109.91 0.78457457
6110.68 0.78435534
6111.44 0.7843649
6112.2 0.784374
6112.97 0.7843835
6113.73 0.78439295
6114.49 0.7844019
6115.26 0.78441066
6116.02 0.78441983
6116.78 0.78442764
6117.55 0.7844373
6118.31 0.7844464
6119.07 0.78445387
6119.84 0.78446275
6120.6 0.78570044
6121.36 0.78727525
6122.13 0.7888569
6122.89 0.7904329
6123.65 0.79201066
6124.42 0.7936024
6125.19 0.79518086
6125.95 0.79676694
6126.72 0.7983477
6127.48 0.79992956
6128.25 0.80151856
6129.01 0.80310166
6129.78 0.8046857
6130.54 0.8066492
6131.31 0.8087589
6132.07 0.81086934
6132.84 0.81298965
6133.6 0.8151031
6134.37 0.81721836
6135.14 0.8193417
6135.9 0.8214588
6136.66 0.8235774
6137.43 0.82570684
6138.2 0.82782626
6138.96 0.829949
6139.73 0.83208036
6140.5 0.83435494
6141.26 0.8367097
6142.03 0.83907586
6142.8 0.8414347
6143.56 0.8437947
6144.33 0.8461658
6145.1 0.8485268
6145.86 0.8508903
6146.63 0.85326594
6147.4 0.8556326
6148.16 0.8580012
6148.93 0.86038154
6149.7 0.86275154
6150.47 0.86405873
6151.24 0.8646815
6152.0 0.8653018
6152.77 0.8659213
6153.54 0.86654425
6154.31 0.86716527
6155.07 0.8677856
6155.84 0.8684089
6156.61 0.8690311
6157.38 0.8696528
6158.15 0.8702771
6158.92 0.8708996
6159.68 0.8715229
6160.45 0.8715688
6161.22 0.87121224
6161.99 0.870856
6162.76 0.87049896
6163.53 0.87014264
6164.3 0.8697862
6165.07 0.86942726
6165.84 0.8690687
6166.61 0.8687103
6167.38 0.8683515
6168.15 0.8679912
6168.92 0.8676318
6169.69 0.8672733
6170.46 0.8660991
6171.23 0.86437875
6172.0 0.86265767
6172.77 0.86092836
6173.54 0.85920393
6174.31 0.85747993
6175.08 0.85574615
6175.85 0.8540183
6176.62 0.8522893
6177.4 0.8505532
6178.16 0.8488217
6178.94 0.84708995
6179.71 0.8453488
6180.48 0.8449607
6181.25 0.84539515
6182.02 0.8458322
6182.79 0.84626764
6183.56 0.8467029
6184.34 0.8471401
6185.11 0.84757644
6185.88 0.8480138
6186.65 0.8484518
6187.42 0.8488876
6188.19 0.8493236
6188.97 0.8497617
6189.74 0.85019886
6190.51 0.8503964
6191.29 0.8504733
6192.06 0.85055053
6192.83 0.85062754
6193.6 0.8507041
6194.38 0.8507803
6195.15 0.8508563
6195.93 0.850933
6196.7 0.85101026
6197.47 0.85108685
6198.24 0.85116297
6199.02 0.8512384
6199.79 0.8513142
6200.57 0.8524459
6201.34 0.85396165
6202.11 0.85547876
6202.89 0.85700303
6203.66 0.85852045
6204.44 0.8600396
6205.21 0.8615651
6205.99 0.8630917
6206.77 0.8646178
6207.54 0.8661389
6208.31 0.8676614
6209.09 0.86919004
6209.86 0.8707129
6210.64 0.8716762
6211.41 0.8725209
6212.19 0.87336135
6212.96 0.874204
6213.74 0.875048
6214.52 0.87589014
6215.29 0.87673247
6216.07 0.8775787
6216.84 0.87842095
6217.62 0.8792645
6218.4 0.8801122
6219.17 0.88095605
6219.94 0.8817998
6220.72 0.88271356
6221.5 0.8836291
6222.27 0.884545
6223.05 0.8854661
6223.83 0.88638085
6224.6 0.8872984
6225.38 0.8882203
6226.16 0.8891382
6226.94 0.8900568
6227.71 0.89097947
6228.49 0.8918984
6229.27 0.89281654
6230.05 0.8936671
6230.82 0.8933646
6231.6 0.89306134
6232.38 0.89275557
6233.16 0.8924511
6233.93 0.8921467
6234.71 0.89184123
6235.49 0.891536
6236.27 0.8912308
6237.05 0.8909244
6237.82 0.8906187
6238.6 0.89031386
6239.38 0.8900064
6240.16 0.88970613
6240.94 0.88943636
6241.72 0.88916445
6242.5 0.888893
6243.28 0.8886209
6244.06 0.8883468
6244.84 0.8880753
6245.61 0.8878031
6246.4 0.8875289
6247.17 0.8872561
6247.96 0.8869825
6248.73 0.8867076
6249.52 0.8864332
6250.3 0.8867135
6251.07 0.88789505
6251.86 0.88908386
6252.64 0.89026934
6253.42 0.89145374
6254.2 0.89264286
6254.98 0.89382905
6255.76 0.8950154
6256.54 0.8962074
6257.32 0.8973937
6258.1 0.8985807
6258.88 0.89977413
6259.66 0.90096277
6260.44 0.9017656
6261.23 0.9022768
6262.01 0.9027852
6262.79 0.9032933
6263.57 0.903805
6264.35 0.90431386
6265.13 0.9048219
6265.92 0.90533465
6266.7 0.9058451
6267.48 0.9063552
6268.26 0.9068676
6269.05 0.90737915
6269.83 0.9078893
6270.61 0.90795296
6271.39 0.90788937
6272.17 0.90782565
6272.96 0.90776217
6273.74 0.90769887
6274.52 0.9076349
6275.31 0.90757006
6276.09 0.90750504
6276.87 0.90744215
6277.66 0.90737736
6278.44 0.90731233
6279.22 0.9072475
6280.01 0.9071788
6280.79 0.90686154
6281.57 0.906544
6282.36 0.9062251
6283.14 0.9059069
6283.93 0.90559006
6284.71 0.9052694
6285.5 0.9049508
6286.28 0.904632
6287.07 0.9043128
6287.85 0.9039918
6288.63 0.9036737
6289.43 0.9033521
6290.21 0.90242916
6291.0 0.8998279
6291.78 0.89723927
6292.56 0.89464813
6293.35 0.8920446
6294.14 0.8894494
6294.92 0.88685524
6295.71 0.88424593
6296.49 0.88164717
6297.28 0.8790476
6298.07 0.87643605
6298.85 0.87383276
6299.64 0.8712313
6300.42 0.86882406
6301.21 0.86660546
6301.99 0.86438644
6302.78 0.86215824
6303.57 0.85993665
6304.35 0.85771483
6305.14 0.8554828
6305.93 0.85325694
6306.72 0.85103106
6307.51 0.8487944
6308.29 0.8465669
6309.08 0.8443378
6309.87 0.842099
6310.65 0.84096396
6311.44 0.84005076
6312.23 0.8391331
6313.02 0.838219
6313.8 0.8373035
6314.59 0.8363841
6315.38 0.83546877
6316.17 0.8345526
6316.96 0.8336299
6317.75 0.83271354
6318.53 0.8317949
6319.32 0.83087116
6320.11 0.8302786
6320.9 0.8316766
6321.69 0.8330796
6322.48 0.8344792
6323.27 0.8358781
6324.06 0.8372838
6324.85 0.83868486
6325.63 0.8400871
6326.43 0.8414953
6327.21 0.8428986
6328.0 0.8443022
6328.8 0.8457132
6329.58 0.8471191
6330.37 0.84963036
6331.16 0.85339683
6331.96 0.857164
6332.75 0.86091626
6333.54 0.86467195
6334.33 0.8684477
6335.12 0.8722077
6335.91 0.87597024
6336.7 0.87975127
6337.49 0.8835173
6338.28 0.8872872
6339.07 0.8910757
6339.86 0.8948499
6340.65 0.896537
6341.45 0.8977948
6342.24 0.8990488
6343.03 0.900304
6343.82 0.9015649
6344.61 0.90281934
6345.4 0.90407395
6346.2 0.905336
6346.99 0.90659344
6347.78 0.9078503
6348.57 0.90911293
6349.36 0.91037077
6350.16 0.9118068
6350.95 0.9139688
6351.74 0.91612154
6352.53 0.9182758
6353.33 0.9204416
6354.12 0.9225981
6354.91 0.9247574
6355.71 0.9269261
6356.5 0.9290864
6357.29 0.9312479
6358.09 0.9334178
6358.88 0.93558383
6359.67 0.9377489
6360.47 0.9387423
6361.26 0.9389145
6362.06 0.9390861
6362.85 0.93926
6363.65 0.93943226
6364.44 0.9396039
6365.23 0.9397764
6366.03 0.9399493
6366.82 0.94012195
6367.62 0.940294
6368.41 0.94046587
6369.21 0.94063836
6370.0 0.94080716
6370.8 0.939684
6371.59 0.9385613
6372.39 0.9374318
6373.19 0.93630093
6373.98 0.9351694
6374.78 0.9340427
6375.57 0.93291515
6376.37 0.93178064
6377.16 0.93065035
6377.96 0.92951924
6378.76 0.92838323
6379.55 0.9272559
6380.35 0.92706835
6381.15 0.9281113
6381.94 0.9291501
6382.74 0.9301898
6383.54 0.9312361
6384.33 0.93227684
6385.13 0.93331724
6385.93 0.9343632
6386.72 0.93540186
6387.52 0.93645
6388.32 0.9374986
6389.11 0.9385432
6389.91 0.9395861
6390.71 0.94037014
6391.51 0.9411169
6392.3 0.9418645
6393.1 0.9426162
6393.9 0.94335914
6394.7 0.9441095
6395.5 0.9448608
6396.3 0.9456094
6397.09 0.9463575
6397.89 0.9471114
6398.69 0.9478592
6399.49 0.9486099
6400.29 0.94903797
6401.08 0.9488859
6401.88 0.94873536
6402.69 0.9485838
6403.48 0.9484326
6404.28 0.9482811
6405.08 0.9481285
6405.88 0.94797665
6406.68 0.9478262
6407.48 0.9476743
6408.28 0.9475222
6409.08 0.9473671
6409.88 0.9472138
6410.68 0.9473162
6411.48 0.9474639
6412.28 0.94761246
6413.08 0.9477606
6413.88 0.94790804
6414.68 0.9480573
6415.48 0.94820464
6416.28 0.9483512
6417.08 0.9484993
6417.89 0.9486478
6418.69 0.9487944
6419.49 0.94894123
6420.29 0.9485013
6421.09 0.9470319
6421.89 0.9455611
6422.69 0.94408464
6423.5 0.94261426
6424.3 0.941142
6425.1 0.93966365
6425.9 0.938187
6426.7 0.936714
6427.51 0.9352344
6428.31 0.9337593
6429.11 0.9322836
6429.91 0.9308015
6430.72 0.9299512
6431.52 0.92917734
6432.32 0.92839944
6433.12 0.9276251
6433.93 0.92685187
6434.73 0.92607266
6435.53 0.92529666
6436.33 0.9245206
6437.14 0.9237413
6437.94 0.9229635
6438.74 0.9221872
6439.55 0.9214068
6440.35 0.921077
6441.15 0.9213179
6441.96 0.92155915
6442.77 0.9218012
6443.57 0.9220432
6444.37 0.92228514
6445.18 0.92252564
6445.98 0.92276895
6446.79 0.9230103
6447.59 0.9232507
6448.39 0.92349154
6449.2 0.9237355
6450.01 0.9239781
6450.81 0.9242343
6451.62 0.92449385
6452.42 0.9247521
6453.23 0.92500985
6454.03 0.9252666
6454.84 0.92552674
6455.64 0.9257844
6456.45 0.92604315
6457.25 0.9263017
6458.07 0.92656255
6458.87 0.92682
6459.68 0.9270787
6460.48 0.9282999
6461.29 0.9301568
6462.1 0.93201673
6462.9 0.9338831
6463.71 0.9357429
6464.52 0.9376024
6465.32 0.9394704
6466.13 0.9413231
6466.94 0.94319224
6467.74 0.94506127
6468.55 0.94692355
6469.36 0.94878715
6470.17 0.9505397
6470.97 0.9518323
6471.78 0.9531261
6472.59 0.95442486
6473.39 0.9557119
6474.2 0.9570125
6475.01 0.9583135
6475.82 0.9596099
6476.63 0.9609056
6477.44 0.9622077
6478.25 0.9635053
6479.05 0.9648025
6479.86 0.966108
6480.67 0.9654264
6481.48 0.96433306
6482.29 0.9632387
6483.1 0.9621481
6483.91 0.96105593
6484.72 0.95996135
6485.53 0.9588701
6486.33 0.9577784
6487.15 0.9566816
6487.95 0.9555931
6488.76 0.9544964
6489.57 0.9533978
6490.38 0.95183796
6491.19 0.9497659
6492.01 0.94768286
6492.81 0.9456052
6493.62 0.94352937
6494.44 0.94144434
6495.24 0.93937343
6496.06 0.9372856
6496.87 0.9351964
6497.68 0.9331234
6498.49 0.93103224
6499.3 0.92894024
6500.11 0.92674387
6500.92 0.92384225
6501.73 0.92092264
6502.55 0.91800165
6503.36 0.9150943
6504.17 0.9121847
6504.98 0.9092584
6505.8 0.9063458
6506.61 0.9034309
6507.42 0.90050143
6508.23 0.89758307
6509.04 0.8946636
6509.86 0.8917309
6510.67 0.8904687
6511.48 0.8895621
6512.3 0.8886515
6513.11 0.8877442
6513.92 0.88683635
6514.73 0.88592476
6515.55 0.88501555
6516.36 0.8841063
6517.17 0.8831935
6517.98 0.88228244
6518.8 0.88137317
6519.61 0.88045853
6520.43 0.8802472
6521.24 0.88067
6522.06 0.88109463
6522.87 0.88151807
6523.68 0.88194025
6524.5 0.8823652
6525.31 0.8827889
6526.12 0.88321173
6526.94 0.8836364
6527.75 0.88406
6528.57 0.8844831
6529.39 0.88490915
6530.2 0.88544816
6531.01 0.8863412
6531.83 0.8872392
6532.64 0.8881334
6533.46 0.8890276
6534.28 0.88992643
6535.09 0.89082146
6535.9 0.89171636
6536.72 0.89261705
6537.54 0.89351386
6538.35 0.8944101
6539.17 0.8953111
6539.98 0.89620703
6540.8 0.8997032
6541.62 0.9032628
6542.44 0.9068073
6543.25 0.9103555
6544.07 0.9139196
6544.89 0.9174902
6545.71 0.9210602
6546.52 0.92460066
6547.34 0.9281757
6548.16 0.93175507
6548.97 0.9353036
6549.79 0.9388834
6550.61 0.94065464
6551.43 0.9417999
6552.24 0.9429444
6553.06 0.94409573
6553.88 0.94523674
6554.7 0.9463888
6555.52 0.9475397
6556.33 0.94868195
6557.15 0.94983596
6557.97 0.9509879
6558.79 0.95213705
6559.61 0.95328546
6560.43 0.9539856
6561.24 0.9542671
6562.06 0.9545493
6562.89 0.9548341
6563.7 0.95511574
6564.52 0.95540005
6565.34 0.9556842
6566.16 0.9559672
6566.98 0.9562493
6567.8 0.9565327
6568.62 0.95681477
6569.44 0.9571
6570.26 0.9571044
6571.08 0.95650727
6571.9 0.9559016
6572.72 0.9552996
6573.54 0.954699
6574.36 0.9540983
6575.18 0.95349544
6576.0 0.95289564
6576.82 0.9522924
6577.65 0.9516873
6578.46 0.951088
6579.28 0.950483
6580.11 0.95012736
6580.93 0.9514282
6581.75 0.9527265
6582.57 0.9540328
6583.39 0.9553289
6584.21 0.95663667
6585.04 0.95794475
6585.85 0.9592412
6586.68 0.9605488
6587.5 0.9618588
6588.33 0.9631696
6589.15 0.96447355
6589.97 0.965779
6590.79 0.9653636
6591.62 0.9648817
6592.44 0.9644006
6593.26 0.96391755
6594.08 0.9634355
6594.91 0.9629552
6595.73 0.96247226
6596.55 0.96198887
6597.38 0.9615061
6598.2 0.96102214
6599.02 0.9605387
6599.85 0.9600542
6600.67 0.9616317
6601.49 0.96367306
6602.32 0.9657149
6603.14 0.9677654
6603.97 0.96980906
6604.79 0.9718527
6605.62 0.9739081
6606.44 0.9759547
6607.26 0.97800213
6608.09 0.98005795
6608.91 0.9821073
6609.74 0.9841579
6610.56 0.984889
6611.39 0.98500365
6612.21 0.98511904
6613.04 0.98523563
6613.86 0.98534924
6614.69 0.9854648
6615.52 0.9855818
6616.34 0.9856978
6617.17 0.985812
6617.99 0.9859272
6618.82 0.986043
6619.64 0.98615867
6620.47 0.98607874
6621.3 0.98585165
6622.12 0.98562485
6622.95 0.9853971
6623.78 0.98517036
6624.6 0.9849444
6625.43 0.98471594
6626.26 0.98448825
6627.08 0.9842623
6627.91 0.9840324
6628.74 0.9838053
6629.56 0.98357767
6630.4 0.9836582
6631.22 0.9840779
6632.06 0.9845015
6632.88 0.9849178
6633.71 0.9853398
6634.54 0.98576164
6635.36 0.9861815
6636.19 0.9866016
6637.02 0.9870234
6637.85 0.98744255
6638.68 0.98786545
6639.51 0.9882886
6640.33 0.9877653
6641.16 0.98582673
6641.99 0.9838872
6642.82 0.98195624
6643.65 0.98002404
6644.48 0.97808397
6645.31 0.9761593
6646.14 0.9742166
6646.97 0.97227216
6647.8 0.9703455
6648.63 0.9684009
6649.46 0.9664545
6650.29 0.96528625
6651.12 0.9655614
6651.95 0.96583724
6652.77 0.9661114
6653.61 0.96638864
6654.44 0.9666661
6655.27 0.96694034
6656.1 0.96721655
6656.93 0.96749234
6657.76 0.9677691
6658.59 0.9680447
6659.43 0.9683215
6660.25 0.9686836
6661.09 0.9692495
6661.92 0.9698172
6662.75 0.9703792
6663.58 0.97094625
6664.41 0.9715132
6665.24 0.97207856
6666.07 0.9726447
6666.91 0.9732126
6667.74 0.97377545
6668.57 0.97434354
6669.41 0.9749122
6670.23 0.97566915
6671.07 0.97692657
6671.9 0.9781842
6672.73 0.9794376
6673.57 0.98069084
6674.4 0.98194975
6675.23 0.9831983
6676.07 0.9844637
6676.9 0.985718
6677.74 0.98697764
6678.57 0.988233
6679.4 0.98948836
6680.24 0.990552
6681.07 0.9911098
6681.9 0.99166787
6682.74 0.99222934
6683.57 0.99278873
6684.4 0.993348
6685.24 0.99390996
6686.07 0.99446964
6686.91 0.99502945
6687.74 0.9955913
6688.58 0.9961521
6689.41 0.99671316
6690.25 0.9967136
6691.08 0.99539214
6691.92 0.9940718
6692.76 0.99274325
6693.59 0.9914206
6694.42 0.990097
6695.26 0.9887681
6696.1 0.9874443
6696.93 0.9861211
6697.77 0.984792
6698.6 0.98346514
6699.44 0.98213774
6700.28 0.981123
6701.11 0.98075587
6701.95 0.9803878
6702.79 0.98001903
6703.62 0.97965103
6704.46 0.97928274
6705.3 0.97891355
6706.13 0.9785465
6706.97 0.9781777
6707.81 0.97780967
6708.64 0.97744113
6709.48 0.9770729
6710.32 0.9762246
6711.15 0.97459793
6711.99 0.9729705
6712.83 0.9713385
6713.67 0.9697092
6714.5 0.9680811
6715.35 0.9664436
6716.18 0.9648116
6717.02 0.9631795
6717.86 0.96153885
6718.7 0.9599054
6719.53 0.9582704
6720.38 0.95767146
6721.22 0.95836765
6722.06 0.959063
6722.89 0.95975214
6723.73 0.9604471
6724.57 0.9611432
6725.41 0.9618367
6726.25 0.9625314
6727.09 0.9632288
6727.93 0.9639192
6728.77 0.964618
6729.61 0.9653161
6730.45 0.96587396
6731.29 0.9663208
6732.13 0.9667673
6732.97 0.967213
6733.81 0.96765834
6734.65 0.96810466
6735.49 0.9685475
6736.33 0.9689946
6737.18 0.9694422
6738.01 0.969886
6738.85 0.970333
6739.7 0.9707806
6740.54 0.97161084
6741.38 0.9726553
6742.22 0.9737028
6743.06 0.97474194
6743.9 0.97579503
6744.75 0.9768443
6745.58 0.9778855
6746.43 0.97893614
6747.27 0.9799881
6748.11 0.9810363
6748.95 0.9820823
6749.8 0.98313457
6750.64 0.9844504
6751.48 0.98586464
6752.33 0.98727894
6753.16 0.98868114
6754.01 0.99009764
6754.85 0.9915116
6755.7 0.9929232
6756.54 0.99433523
6757.39 0.9957533
6758.22 0.9971605
6759.07 0.99858004
6759.92 1.0
6760.75 0.999745
6761.6 0.999297
6762.45 0.998849
6763.29 0.9984035
6764.13 0.99795717
6764.98 0.9975087
6765.83 0.99706185
6766.67 0.9966155
6767.51 0.99616927
6768.36 0.99572057
6769.2 0.99527365
6770.05 0.994814
6770.9 0.9941199
6771.74 0.9934311
6772.58 0.9927418
6773.43 0.992048
6774.27 0.99135655
6775.12 0.990666
6775.97 0.98997
6776.81 0.9892792
6777.65 0.9885865
6778.5 0.98788977
6779.35 0.987197
6780.19 0.98663044
6781.04 0.98648834
6781.89 0.9863483
6782.73 0.9862068
6783.58 0.98606426
6784.43 0.9859231
6785.27 0.9857819
6786.12 0.98563844
6786.97 0.98549795
6787.81 0.9853547
6788.66 0.9852119
6789.51 0.9850699
6790.35 0.9848299
6791.2 0.9844538
6792.05 0.9840786
6792.9 0.983702
6793.75 0.9833251
6794.6 0.98294944
6795.44 0.982573
6796.29 0.9821948
6797.14 0.9818181
6797.99 0.9814419
6798.84 0.9810646
6799.69 0.9806877
6800.53 0.981374
6801.38 0.9826964
6802.23 0.984014
6803.08 0.9853312
6803.93 0.9866574
6804.78 0.9879754
6805.63 0.9892937
6806.48 0.9906183
6807.33 0.99193954
6808.18 0.9932592
6809.03 0.99458534
6809.88 0.9959067
6810.73 0.9948497
6811.58 0.9934049
6812.43 0.99194527
6813.28 0.9904873
6814.13 0.9890422
6814.98 0.9875825
6815.83 0.98612255
6816.68 0.98467606
6817.53 0.98321414
6818.39 0.98175216
6819.23 0.98030514
6820.09 0.9789667
6820.94 0.97871774
6821.79 0.97847307
6822.64 0.97822505
6823.49 0.97797716
6824.34 0.97773135
6825.19 0.9774833
6826.05 0.9772355
6826.9 0.9769878
6827.75 0.97673965
6828.6 0.97649133
6829.45 0.97624475
6830.31 0.97578204
6831.16 0.97493947
6832.01 0.9741051
6832.86 0.9732636
6833.72 0.97242093
6834.57 0.9715852
6835.42 0.97074175
6836.28 0.96989816
6837.13 0.96906173
6837.98 0.9682182
6838.84 0.96737206
6839.69 0.9665357
6840.54 0.9656434
6841.4 0.9647225
6842.25 0.9638096
6843.1 0.9628886
6843.96 0.9619682
6844.81 0.96105397
6845.67 0.96013397
6846.52 0.9592121
6847.38 0.9582978
6848.23 0.95737725
6849.09 0.9564559
6849.94 0.9555402
6850.8 0.9561031
6851.65 0.9567815
6852.5 0.9574538
6853.36 0.9581324
6854.22 0.9588117
6855.07 0.9594837
6855.93 0.96016496
6856.79 0.9608419
6857.65 0.9615217
6858.5 0.9621982
6859.35 0.9628754
6860.21 0.96335465
6861.07 0.9632211
6861.92 0.963087
6862.78 0.96295255
6863.64 0.9628192
6864.49 0.9626854
6865.35 0.96255
6866.21 0.9624149
6867.06 0.96228176
6867.92 0.9621462
6868.78 0.96201134
6869.63 0.96187663
6870.49 0.96209425
6871.35 0.9625704
6872.21 0.96304566
6873.07 0.9635251
6873.92 0.96400326
6874.78 0.9644793
6875.64 0.9649595
6876.5 0.96543735
6877.35 0.9659144
6878.22 0.9663942
6879.07 0.9668702
6879.93 0.96734816
6880.79 0.967049
6881.65 0.96668035
6882.51 0.96631217
6883.37 0.9659418
6884.23 0.9655728
6885.08 0.9652042
6885.94 0.9648339
6886.8 0.964464
6887.66 0.96409315
6888.52 0.96372116
6889.38 0.96335155
6890.24 0.96280605
6891.1 0.9618044
6891.96 0.96080536
6892.82 0.95980805
6893.68 0.9588046
6894.54 0.95780444
6895.4 0.9568048
6896.27 0.9558017
6897.12 0.954803
6897.98 0.9538007
6898.85 0.9527963
6899.71 0.9517957
6900.57 0.9510647
6901.43 0.95046836
6902.3 0.94987166
6903.16 0.9492746
6904.02 0.94868225
6904.88 0.94808584
6905.74 0.9474873
6906.6 0.9468953
6907.47 0.9462981
6908.33 0.94570065
6909.19 0.9451074
6910.05 0.9445583
6910.92 0.94476485
6911.77 0.94496715
6912.64 0.94517225
6913.51 0.9453783
6914.36 0.94558114
6915.23 0.94578505
6916.09 0.94599074
6916.95 0.9461942
6917.82 0.946399
6918.69 0.9466027
6919.54 0.94680494
6920.41 0.9474558
6921.27 0.9486055
6922.13 0.94974506
6923.0 0.95089525
6923.87 0.95204514
6924.73 0.95318437
6925.59 0.954335
6926.46 0.9554863
6927.32 0.9566258
6928.19 0.957776
6929.05 0.95892835
6929.91 0.96006763
6930.78 0.96030563
6931.65 0.96044314
6932.51 0.9605792
6933.38 0.96071553
6934.24 0.9608518
6935.1 0.96098673
6935.97 0.96112293
6936.84 0.9612583
6937.7 0.96139157
6938.57 0.96152717
6939.44 0.96166325
6940.3 0.9614926
6941.17 0.96074355
6942.04 0.9599935
6942.9 0.95925087
6943.77 0.95850056
6944.64 0.9577492
6945.5 0.957004
6946.37 0.9562522
6947.24 0.95549977
6948.11 0.9547452
6948.97 0.95399666
6949.84 0.95324403
6950.71 0.9517336
6951.57 0.9500574
6952.44 0.9483812
6953.31 0.9466979
6954.18 0.9450206
6955.05 0.9433441
6955.92 0.94165784
6956.78 0.9399808
6957.65 0.93830323
6958.52 0.93661755
6959.39 0.9349384
6960.26 0.93306184
6961.13 0.9307026
6961.99 0.9283525
6962.86 0.9260032
6963.73 0.9236425
6964.6 0.9212917
6965.47 0.9189393
6966.34 0.916577
6967.21 0.9142245
6968.08 0.91187054
6968.95 0.909508
6969.82 0.90715355
6970.69 0.90477145
6971.56 0.9023707
6972.43 0.89998084
6973.3 0.89758927
6974.17 0.8951871
6975.04 0.89279205
6975.91 0.89040047
6976.78 0.88799304
6977.65 0.88559777
6978.52 0.88320094
6979.39 0.88079125
6980.26 0.87805825
6981.13 0.8745525
6982.01 0.87103033
6982.88 0.86752075
6983.75 0.86400896
6984.62 0.8604807
6985.49 0.8569646
6986.36 0.85344696
6987.24 0.84991294
6988.11 0.8463935
6988.98 0.84286964
6989.85 0.8393315
6990.73 0.83410716
6991.6 0.82853556
6992.47 0.8229399
6993.34 0.81736535
6994.22 0.8117435
6995.09 0.8061877
6995.97 0.80058527
6996.84 0.79497945
6997.71 0.789421
6998.59 0.78381133
6999.46 0.7781969
7000.33 0.7704617
7001.21 0.7590766
7002.08 0.74769133
7002.95 0.7364075
7003.83 0.7250239
7004.7 0.71363133
7005.57 0.70234036
7006.45 0.6909483
7007.33 0.6795561
7008.2 0.6682659
7009.07 0.6568673
7009.95 0.6454682
7010.82 0.63073176
7011.7 0.6156617
7012.58 0.6005803
7013.45 0.5856311
7014.32 0.5705462
7015.2 0.55546063
7016.07 0.5405
7016.95 0.52541125
7017.83 0.5103136
7018.7 0.49534935
7019.58 0.48024073
7020.46 0.46666375
7021.33 0.45458543
7022.21 0.44239625
7023.09 0.43020493
7023.96 0.41811407
7024.84 0.40591276
7025.72 0.39370903
7026.59 0.38161144
7027.47 0.36940414
7028.35 0.35718825
7029.22 0.34507856
7030.1 0.33328125
7030.98 0.32477283
7031.85 0.31633407
7032.73 0.30782342
7033.61 0.29930654
7034.48 0.29086393
7035.37 0.28234002
7036.25 0.2738195
7037.12 0.2653676
7038.0 0.25683978
7038.88 0.24830593
7039.76 0.23985113
7040.64 0.2334594
7041.52 0.22795242
7042.4 0.2224209
7043.28 0.21691358
7044.15 0.21140277
7045.04 0.2058675
7045.91 0.20035641
7046.79 0.19484541
7047.67 0.18930636
7048.55 0.18379188
7049.43 0.17827721
7050.31 0.17291833
7051.19 0.16790934
7052.07 0.1628972
7052.95 0.15786213
7053.83 0.15284899
7054.71 0.14783294
7055.6 0.14279687
7056.47 0.1377799
7057.35 0.13276252
7058.24 0.1277224
7059.12 0.12270146
7060.0 0.11768299
7060.88 0.11316376
7061.76 0.108664386
7062.64 0.10416803
7063.52 0.09965196
7064.4 0.09515375
7065.28 0.09065587
7066.17 0.08613577
7067.05 0.081638545
7067.93 0.077139035
7068.81 0.07261987
7069.7 0.06812107
7070.58 0.06473414
7071.46 0.061917927
7072.34 0.059113786
7073.23 0.056309212
7074.11 0.053491794
7074.99 0.050684962
7075.87 0.047877733
7076.76 0.04505767
7077.64 0.042249687
7078.52 0.039441302
7079.41 0.036618568
7080.29 0.034245007
7081.17 0.03275483
7082.06 0.03125791
7082.94 0.029766565
7083.83 0.02827497
7084.71 0.026776617
7085.6 0.025284674
7086.48 0.023792567
7087.37 0.02229282
7088.25 0.020792864
7089.14 0.01929277
7090.02 0.01782233
7090.91 0.017098194
7091.8 0.016373726
7092.68 0.015655698
7093.56 0.014931353
7094.45 0.014206674
7095.33 0.013488442
7096.22 0.012763902
7097.11 0.012039416
7097.99 0.01132136
7098.88 0.010596613
7099.77 0.009871924
7100.65 0.009436698
7101.53 0.009101434
7102.42 0.008765996
7103.31 0.0084337015
7104.19 0.008098267
7105.08 0.007762653
7105.97 0.0074301893
7106.85 0.0070945807
7107.74 0.0067589893
7108.63 0.006426358
7109.52 0.0060907793
7110.41 0.005830311
7111.29 0.005661211
7112.18 0.0054905955
7113.07 0.0053199576
7113.95 0.005150799
7114.84 0.004980036
7115.73 0.0048092525
7116.61 0.0046399524
7117.51 0.004469036
7118.4 0.0042981934
7119.28 0.004128741
7120.17 0.0039748987
7121.06 0.0038931766
7121.95 0.00381219
7122.84 0.0037304354
7123.73 0.0036486683
7124.61 0.0035675976
7125.51 0.0034857518
7126.39 0.003404297
7127.28 0.0033227794
7128.17 0.0032408908
7129.06 0.0031589367
7129.95 0.003077735
7130.84 0.0029955613
7131.73 0.0029133768
7132.62 0.0028319047
7133.51 0.0027496624
7134.41 0.0026674208
7135.3 0.0025851727
7136.19 0.0025032787
7137.08 0.0024213856
7137.97 0.0023390867