7961.01 0.0036143458
7961.81 0.0036887992
7962.62 0.0037632156
7963.43 0.0038380013
7964.23 0.0039123893
7965.03 0.003986737
7965.84 0.0040614116
7966.65 0.004135688
7967.45 0.0042099683
7968.26 0.004284165
7969.06 0.004358314
7969.87 0.004432483
7970.68 0.0045075095
7971.49 0.004581693
7972.29 0.004655841
7973.1 0.0047299596
7973.9 0.004804097
7974.71 0.004878547
7975.52 0.0049526053
7976.32 0.005026624
7977.13 0.005101021
7977.94 0.0051750215
7978.75 0.005248928
7979.55 0.0053228526
7980.36 0.005397624
7981.16 0.005473494
7981.98 0.0055502104
7982.78 0.0056261257
7983.59 0.005702104
7984.4 0.0057780608
7985.2 0.0058540734
7986.02 0.005930517
7986.82 0.006006567
7987.63 0.006082684
7988.44 0.0061591915
7989.25 0.00623534
7990.06 0.0063114115
7990.86 0.0063863513
7991.67 0.006461273
7992.48 0.0065369993
7993.29 0.0066119367
7994.1 0.00668682
7994.91 0.006761733
7995.72 0.006836661
7996.52 0.0069115525
7997.34 0.0069868807
7998.14 0.0070617627
7998.95 0.0071366783
7999.76 0.007211974
8000.57 0.0074591646
8001.38 0.007777589
8002.19 0.008095793
8003.0 0.008413973
8003.81 0.00873536
8004.62 0.009052901
8005.43 0.009368689
8006.24 0.009687903
8007.05 0.010004967
8007.86 0.010321988
8008.67 0.010640327
8009.48 0.010956927
8010.29 0.0112235285
8011.1 0.011397314
8011.91 0.011571116
8012.72 0.011744753
8013.53 0.011918421
8014.34 0.012092012
8015.16 0.012267415
8015.96 0.012439926
8016.77 0.012613288
8017.59 0.012787625
8018.4 0.012960934
8019.21 0.013135112
8020.02 0.013308901
8020.83 0.013506293
8021.65 0.013704688
8022.46 0.013902072
8023.27 0.014099295
8024.08 0.014296606
8024.89 0.014493834
8025.7 0.014691153
8026.52 0.014890437
8027.32 0.015086598
8028.14 0.015284729
8028.95 0.015481829
8029.76 0.015678916
8030.58 0.015914356
8031.39 0.016163887
8032.2 0.01641314
8033.02 0.016663836
8033.83 0.016913064
8034.64 0.017162153
8035.45 0.017411128
8036.26 0.017660158
8037.08 0.017911633
8037.89 0.018159065
8038.7 0.018407747
8039.52 0.01865767
8040.33 0.01892478
8041.14 0.019219117
8041.96 0.01951477
8042.77 0.019807281
8043.58 0.020101214
8044.4 0.020398188
8045.21 0.02069188
8046.03 0.020985635
8046.84 0.021279002
8047.65 0.02157244
8048.47 0.021868903
8049.28 0.02216047
8050.1 0.022455625
8050.91 0.022766745
8051.73 0.023076316
8052.54 0.02338573
8053.36 0.02369699
8054.17 0.02400488
8054.99 0.024318019
8055.8 0.024627581
8056.62 0.024937302
8057.43 0.025247024
8058.24 0.025556767
8059.06 0.025866523
8059.88 0.026177881
8060.69 0.026546316
8061.51 0.026924592
8062.32 0.027304782
8063.14 0.027682576
8063.96 0.02806216
8064.77 0.028437197
8065.58 0.0288142
8066.41 0.029194955
8067.22 0.029571088
8068.04 0.029947046
8068.85 0.030322973
8069.67 0.03069831
8070.48 0.031101426
8071.3 0.031526506
8072.12 0.031949364
8072.94 0.03237442
8073.75 0.032797247
8074.57 0.033220045
8075.39 0.03364533
8076.2 0.034066033
8077.02 0.034488793
8077.84 0.034916546
8078.66 0.03533958
8079.47 0.03576256
8080.29 0.03626471
8081.1 0.036911197
8081.93 0.03756132
8082.74 0.038207818
8083.56 0.03885412
8084.38 0.03950404
8085.19 0.040149894
8086.01 0.040795915
8086.83 0.041441813
8087.65 0.04208743
8088.46 0.042732846
8089.29 0.043385502
8090.11 0.04402341
8090.92 0.0446131
8091.74 0.04520247
8092.56 0.0457914
8093.38 0.046383027
8094.2 0.04697142
8095.02 0.047559038
8095.84 0.048149545
8096.65 0.04873666
8097.47 0.049323272
8098.29 0.04990933
8099.11 0.050495356
8099.94 0.05108689
8100.75 0.051889103
8101.57 0.05270952
8102.39 0.05352998
8103.21 0.0543505
8104.03 0.055171408
8104.85 0.055996217
8105.67 0.056817126
8106.49 0.057637937
8107.31 0.05846313
8108.13 0.059284423
8108.95 0.060105283
8109.77 0.060926467
8110.59 0.0616574
8111.42 0.062361162
8112.24 0.063056566
8113.06 0.0637519
8113.88 0.064446986
8114.69 0.06514208
8115.52 0.06583705
8116.34 0.06653541
8117.16 0.06722962
8117.98 0.067923784
8118.8 0.06862172
8119.62 0.06931565
8120.44 0.07017876
8121.26 0.07118631
8122.08 0.07219402
8122.91 0.0732113
8123.73 0.07421785
8124.55 0.075217836
8125.38 0.0762287
8126.2 0.07723367
8127.02 0.078237996
8127.84 0.07924795
8128.66 0.0802513
8129.49 0.08125998
8130.31 0.08221643
8131.13 0.08309621
8131.95 0.083975665
8132.77 0.08485511
8133.6 0.08573357
8134.43 0.08662157
8135.25 0.08749976
8136.07 0.08837264
8136.89 0.08925491
8137.71 0.09013217
8138.54 0.09101346
8139.36 0.09189011
8140.19 0.09284189
8141.01 0.09406036
8141.83 0.095272206
8142.66 0.09648248
8143.48 0.09769221
8144.3 0.098902
8145.12 0.100110956
8145.96 0.101333074
8146.77 0.1025343
8147.6 0.10374772
8148.43 0.104954705
8149.25 0.10616094
8150.08 0.107380755
8150.9 0.10867447
8151.72 0.10996745
8152.55 0.111268125
8153.37 0.11256087
8154.2 0.113853954
8155.02 0.11514699
8155.85 0.11643966
8156.68 0.11774645
8157.5 0.11903853
8158.32 0.12032431
8159.15 0.12162357
8159.98 0.122915834
8160.8 0.12427662
8161.63 0.12564631
8162.45 0.12700649
8163.27 0.12835866
8164.11 0.1297312
8164.93 0.13108784
8165.76 0.13244261
8166.58 0.13379624
8167.4 0.135149
8168.23 0.13650753
8169.06 0.13785762
8169.89 0.13920557
8170.72 0.14065747
8171.54 0.14211687
8172.37 0.14357705
8173.2 0.14504501
8174.02 0.14650486
8174.85 0.14797218
8175.68 0.14943181
8176.5 0.150892
8177.33 0.15235119
8178.15 0.15381125
8178.98 0.15527081
8179.81 0.15673818
8180.64 0.1583713
8181.47 0.16005372
8182.3 0.16174588
8183.12 0.16342933
8183.95 0.16512091
8184.78 0.16679479
8185.6 0.16847709
8186.44 0.17017807
8187.27 0.17186013
8188.09 0.1735428
8188.92 0.17522517
8189.75 0.17690733
8190.57 0.17863421
8191.41 0.18038759
8192.23 0.18213153
8193.07 0.18388347
8193.89 0.18562618
8194.72 0.18736495
8195.55 0.18911316
8196.38 0.19084367
8197.2 0.19257906
8198.04 0.1943362
8198.87 0.19607094
8199.7 0.19780485
8200.53 0.19969593
8201.35 0.20167682
8202.19 0.20366861
8203.02 0.2056502
8203.84 0.20762825
8204.68 0.20961742
8205.51 0.21159618
8206.34 0.21357389
8207.17 0.21555103
8207.99 0.21752705
8208.82 0.21950245
8209.66 0.22149733
8210.49 0.22328839
8211.32 0.22495508
8212.15 0.22661917
8212.98 0.22828434
8213.81 0.22995791
8214.64 0.23162106
8215.47 0.23328574
8216.31 0.23496002
8217.14 0.23662226
8217.97 0.23828584
8218.8 0.23995109
8219.63 0.2416142
8220.47 0.24366927
8221.3 0.2459989
8222.13 0.24832334
8222.96 0.2506442
8223.79 0.252965
8224.62 0.2552836
8225.45 0.25761
8226.29 0.2599223
8227.12 0.26223212
8227.95 0.26455274
8228.78 0.26685584
8229.61 0.26915696
8230.45 0.2711594
8231.28 0.2729077
8232.12 0.27467257
8232.95 0.27642056
8233.78 0.2781647
8234.61 0.2799111
8235.44 0.2816572
8236.28 0.28340244
8237.11 0.28515473
8237.94 0.28689948
8238.78 0.28865314
8239.61 0.29039606
8240.45 0.29229772
8241.28 0.29433137
8242.11 0.29636565
8242.94 0.29839692
8243.79 0.30045038
8244.62 0.30248082
8245.45 0.30451033
8246.28 0.30653852
8247.12 0.3085651
8247.95 0.31060055
8248.79 0.31262717
8249.62 0.31465048
8250.46 0.31701115
8251.29 0.3196237
8252.13 0.32223815
8252.96 0.32485268
8253.79 0.32746187
8254.63 0.3300736
8255.47 0.33271185
8256.31 0.33532134
8257.14 0.33793014
8257.97 0.34053746
8258.81 0.34314626
8259.65 0.34576318
8260.48 0.34848034
8261.31 0.35127386
8262.15 0.35408455
8262.99 0.3568747
8263.82 0.35966662
8264.66 0.36245632
8265.49 0.3652443
8266.33 0.36803097
8267.17 0.37084514
8268.0 0.37361458
8268.84 0.37641
8269.68 0.37919292
8270.51 0.38171422
8271.35 0.38408765
8272.19 0.3864492
8273.02 0.38879594
8273.86 0.39117855
8274.7 0.393537
8275.54 0.39589444
8276.37 0.3982497
8277.21 0.4006039
8278.05 0.40298593
8278.89 0.40533692
8279.72 0.4076783
8280.56 0.4101883
8281.4 0.4127527
8282.24 0.41531917
8283.08 0.417897
8283.91 0.4204611
8284.75 0.42300877
8285.59 0.42560053
8286.43 0.42816088
8287.27 0.43072018
8288.1 0.43327776
8288.94 0.43583733
8289.79 0.4384191
8290.62 0.44120842
8291.46 0.44409788
8292.3 0.44699836
8293.14 0.44988215
8293.98 0.45276308
8294.82 0.45565498
8295.65 0.4585156
8296.5 0.46141812
8297.33 0.4642877
8298.17 0.46715638
8299.01 0.47001877
8299.85 0.4728798
8300.69 0.47544503
8301.54 0.47797075
8302.37 0.4804548
8303.21 0.48295176
8304.05 0.48545894
8304.89 0.48795044
8305.73 0.4904571
8306.57 0.49294692
8307.41 0.49543497
8308.26 0.49793673
8309.1 0.50042504
8309.93 0.502907
8310.77 0.50417167
8311.61 0.5053307
8312.45 0.5064883
8313.3 0.5076538
8314.14 0.50881
8314.98 0.5099724
8315.82 0.5111291
8316.66 0.5122841
8317.51 0.5134434
8318.35 0.5145951
8319.18 0.51574177
8320.03 0.517015
8320.87 0.5209938
8321.71 0.5249661
8322.55 0.528942
8323.4 0.5329152
8324.24 0.53691036
8325.08 0.540884
8325.92 0.5448531
8326.77 0.5488454
8327.61 0.55281264
8328.45 0.5567834
8329.3 0.56077087
8330.14 0.5644819
8330.97 0.5668863
8331.83 0.56932986
8332.67 0.5717408
8333.51 0.5741519
8334.35 0.576562
8335.19 0.57897323
8336.04 0.5813891
8336.88 0.58379537
8337.72 0.586197
8338.57 0.5886101
8339.41 0.59101015
8340.25 0.5934742
8341.1 0.5961162
8341.94 0.59872776
8342.79 0.6013798
8343.63 0.6040035
8344.48 0.60662585
8345.32 0.60924983
8346.16 0.61186856
8347.01 0.614489
8347.85 0.61712176
8348.7 0.6197421
8349.54 0.62235796
8350.39 0.62446594
8351.23 0.62594354
8352.08 0.62742525
8352.92 0.62889963
8353.76 0.63036406
8354.62 0.6318523
8355.46 0.6333238
8356.3 0.6347951
8357.15 0.636266
8357.99 0.637736
8358.84 0.63920563
8359.69 0.6406808
8360.53 0.6435158
8361.38 0.64717704
8362.22 0.6508188
8363.07 0.65446013
8363.92 0.65811825
8364.76 0.6617371
8365.6 0.66537064
8366.46 0.6690439
8367.3 0.6726522
8368.14 0.6762842
8368.99 0.67992973
8369.84 0.68355674
8370.69 0.68532366
8371.53 0.68664247
8372.38 0.68796
8373.23 0.6892843
8374.08 0.6905993
8374.92 0.6919123
8375.77 0.6932264
8376.61 0.6945363
8377.46 0.6958467
8378.32 0.6971687
8379.16 0.698468
8380.01 0.6997906
8380.85 0.70196354
8381.7 0.704137
8382.55 0.70632213
8383.4 0.70849484
8384.25 0.7106673
8385.1 0.71284944
8385.94 0.71501887
8386.79 0.71718997
8387.64 0.7193588
8388.49 0.72152877
8389.34 0.7237204
8390.19 0.7257532
8391.03 0.72736204
8391.89 0.7289794
8392.73 0.730587
8393.58 0.7321946
8394.43 0.73381096
8395.28 0.73541754
8396.13 0.737025
8396.98 0.7386403
8397.83 0.74024755
8398.68 0.7418544
8399.53 0.7434615
8400.38 0.7457464
8401.23 0.7489086
8402.08 0.7520133
8402.93 0.75513655
8403.78 0.75826794
8404.63 0.76137847
8405.48 0.7644858
8406.33 0.76760674
8407.18 0.77070916
8408.03 0.7738221
8408.89 0.7769147
8409.73 0.78000313
8410.58 0.78179765
8411.43 0.783003
8412.28 0.78420615
8413.14 0.78541666
8413.99 0.78661877
8414.84 0.7878209
8415.69 0.78902733
8416.54 0.7902252
8417.4 0.79142994
8418.25 0.79262555
8419.1 0.79381996
8419.95 0.79502034
8420.8 0.79473615
8421.65 0.79436356
8422.5 0.7939895
8423.35 0.79361635
8424.21 0.79324514
8425.06 0.7928693
8425.91 0.7924972
8426.76 0.7921247
8427.62 0.79174924
8428.47 0.791375
8429.33 0.79099935
8430.18 0.7915106
8431.03 0.7953424
8431.89 0.79918784
8432.74 0.803012
8433.59 0.80682766
8434.44 0.8106382
8435.3 0.8144489
8436.15 0.81825054
8437.0 0.82207173
8437.85 0.8258629
8438.71 0.8296771
8439.57 0.83346254
8440.42 0.8357841
8441.27 0.8365933
8442.13 0.83739763
8442.98 0.8382012
8443.84 0.83900785
8444.69 0.83980805
8445.54 0.84060794
8446.4 0.8414084
8447.25 0.8422086
8448.11 0.84300977
8448.96 0.8438092
8449.82 0.8446086
8450.67 0.8450302
8451.53 0.8453458
8452.38 0.8456611
8453.24 0.84597844
8454.09 0.8462944
8454.95 0.8466082
8455.81 0.84692425
8456.66 0.84723866
8457.51 0.84755087
8458.37 0.8478619
8459.22 0.8481731
8460.08 0.8486769
8460.94 0.85095435
8461.79 0.8532275
8462.65 0.8555105
8463.51 0.8577807
8464.36 0.8600518
8465.22 0.86232924
8466.07 0.8645809
8466.94 0.86686677
8467.79 0.86912644
8468.65 0.8713842
8469.5 0.87363946
8470.36 0.8755682
8471.21 0.87704474
8472.07 0.87852925
8472.93 0.87999946
8473.78 0.88147163
8474.65 0.88295406
8475.5 0.88442224
8476.36 0.88589823
8477.22 0.88736504
8478.07 0.8888236
8478.94 0.8903006
8479.79 0.89176476
8480.65 0.89311725
8481.51 0.894451
8482.36 0.89577603
8483.22 0.89709824
8484.08 0.8984287
8484.94 0.89975286
8485.8 0.9010838
8486.66 0.9024059
8487.51 0.90372634
8488.38 0.905056
8489.23 0.90636975
8490.09 0.9076197
8490.95 0.90823203
8491.81 0.90883756
8492.67 0.9094366
8493.53 0.9100435
8494.39 0.9106461
8495.25 0.9112501
8496.11 0.9118458
8496.97 0.91244453
8497.83 0.91304266
8498.69 0.91363615
8499.55 0.9142281
8500.41 0.9149742
8501.26 0.9158785
8502.12 0.9167829
8502.99 0.9176979
8503.84 0.91859883
8504.71 0.9195066
8505.57 0.9204091
8506.43 0.9213095
8507.29 0.9222119
8508.15 0.92311096
8509.01 0.9240104
8509.87 0.9249123
8510.73 0.92624795
8511.59 0.9276596
8512.45 0.9290718
8513.31 0.9304819
8514.18 0.93190575
8515.04 0.9333054
8515.9 0.9347148
8516.76 0.9361286
8517.62 0.93753505
8518.48 0.938939
8519.35 0.94034934
8520.21 0.9415602
8521.07 0.9421761
8521.93 0.9427956
8522.8 0.94340855
8523.66 0.94402367
8524.52 0.9446358
8525.38 0.94524765
8526.25 0.94586617
8527.1 0.9464718
8527.97 0.9470809
8528.83 0.94769377
8529.69 0.9483026
8530.56 0.94896704
8531.42 0.9496688
8532.28 0.9503646
8533.15 0.95106035
8534.01 0.9517522
8534.88 0.9524426
8535.74 0.95313233
8536.6 0.9538196
8537.46 0.9545068
8538.33 0.95519745
8539.19 0.955881
8540.05 0.95655197
8540.92 0.9570873
8541.78 0.9576142
8542.65 0.95814645
8543.51 0.9586754
8544.38 0.9592019
8545.25 0.9597305
8546.11 0.96025723
8546.97 0.96078175
8547.84 0.9613064
8548.7 0.9618306
8549.56 0.96235454
8550.43 0.9626334
8551.3 0.9626595
8552.16 0.96268326
8553.03 0.962709
8553.89 0.9627347
8554.76 0.9627625
8555.62 0.9627858
8556.49 0.9628083
8557.36 0.96283174
8558.22 0.96285355
8559.09 0.96287644
8559.95 0.9628986
8560.82 0.96373236
8561.69 0.96462226
8562.55 0.9655033
8563.42 0.9663834
8564.28 0.9672686
8565.15 0.96814775
8566.01 0.9690253
8566.89 0.969909
8567.75 0.9707853
8568.62 0.97166014
8569.49 0.9725396
8570.35 0.9732213
8571.22 0.97362334
8572.08 0.974025
8572.95 0.97442704
8573.82 0.9748291
8574.69 0.97522515
8575.55 0.9756228
8576.42 0.9760234
8577.29 0.97642076
8578.16 0.97681737
8579.03 0.97721267
8579.9 0.97760886
8580.77 0.977798
8581.63 0.97795796
8582.5 0.97811866
8583.37 0.97827786
8584.23 0.9784344
8585.1 0.97859377
8585.97 0.97875047
8586.84 0.978907
8587.71 0.9790616
8588.58 0.9792172
8589.45 0.97937226
8590.31 0.9795414
8591.19 0.97973734
8592.06 0.9799289
8592.93 0.9801223
8593.8 0.9803141
8594.66 0.9805066
8595.53 0.98069483
8596.4 0.98088306
8597.27 0.98107344
8598.14 0.98126346
8599.01 0.98145145
8599.88 0.9816386
8600.75 0.9830792
8601.62 0.9847077
8602.5 0.9863447
8603.36 0.98797125
8604.23 0.98959804
8605.11 0.99123085
8605.98 0.9928545
8606.84 0.99446553
8607.72 0.9960898
8608.58 0.9977065
8609.45 0.999321
8610.33 1.0
8611.2 0.9991167
8612.07 0.99822646
8612.94 0.99734133
8613.81 0.996458
8614.69 0.9955699
8615.55 0.9946908
8616.42 0.99380606
8617.3 0.99291164
8618.17 0.99202645
8619.04 0.9911482
8619.92 0.9902612
8620.79 0.99069196
8621.66 0.99126834
8622.53 0.9918396
8623.4 0.9924084
8624.28 0.99297917
8625.15 0.99354434
8626.02 0.99411136
8626.9 0.9946816
8627.76 0.99524266
8628.64 0.9958064
8629.52 0.996372
8630.39 0.9959391
8631.26 0.99425143
8632.13 0.9925713
8633.0 0.990892
8633.88 0.9892046
8634.75 0.98752767
8635.63 0.9858512
8636.5 0.98416746
8637.38 0.9824924
8638.25 0.98082
8639.12 0.97914535
8639.99 0.97747475
8640.88 0.97879875
8641.75 0.98013026
8642.62 0.9814512
8643.5 0.98278654
8644.37 0.9841117
8645.24 0.9854347
8646.12 0.9867661
8646.99 0.9880882
8647.87 0.98941153
8648.74 0.9907361
8649.62 0.9920542
8650.5 0.99244887
8651.37 0.9921305
8652.24 0.99181056
8653.12 0.99149036
8653.99 0.9911684
8654.87 0.99084604
8655.75 0.99052364
8656.62 0.99020416
8657.5 0.9898831
8658.37 0.9895589
8659.25 0.9892353
8660.13 0.989019
8661.0 0.98940873
8661.88 0.9897962
8662.75 0.9901837
8663.63 0.99057126
8664.5 0.99095774
8665.38 0.9913456
8666.26 0.99173146
8667.13 0.9921173
8668.01 0.99250305
8668.89 0.9928854
8669.77 0.9932713
8670.65 0.99301636
8671.52 0.99253273
8672.4 0.9920463
8673.28 0.9915629
8674.16 0.9910813
8675.03 0.9905996
8675.91 0.9901142
8676.78 0.9896312
8677.67 0.9891465
8678.54 0.9886648
8679.42 0.9881799
8680.3 0.98796463
8681.18 0.9882696
8682.06 0.9885765
8682.94 0.9888788
8683.81 0.9891823
8684.69 0.98948675
8685.57 0.9897885
8686.45 0.99008936
8687.33 0.9903904
8688.2 0.9906898
8689.09 0.9909871
8689.97 0.9912867
8690.84 0.9910241
8691.73 0.9907322
8692.6 0.9904444
8693.48 0.9901568
8694.36 0.98986703
8695.24 0.98957986
8696.12 0.9892911
8697.0 0.9889943
8697.88 0.98870814
8698.76 0.9884179
8699.64 0.98813033
8700.52 0.98812556
8701.4 0.98831815
8702.28 0.98850906
8703.16 0.98870057
8704.05 0.9888901
8704.92 0.98907954
8705.8 0.9892666
8706.69 0.9894563
8707.57 0.98964214
8708.45 0.98982745
8709.33 0.9900107
8710.21 0.99002033
8711.09 0.98947597
8711.97 0.9889315
8712.85 0.9883837
8713.74 0.98783666
8714.62 0.9872931
8715.5 0.9867485
8716.38 0.9861989
8717.26 0.9856532
8718.15 0.9851036
8719.03 0.9845618
8719.91 0.9840123
8720.79 0.9837828
8721.68 0.9835921
8722.56 0.98340034
8723.44 0.9832072
8724.32 0.98301417
8725.2 0.9828215
8726.09 0.98262614
8726.97 0.9824314
8727.85 0.9822367
8728.74 0.98204136
8729.62 0.98184764
8730.5 0.98152393
8731.39 0.9811077
8732.26 0.9806966
8733.16 0.98027605
8734.04 0.97985876
8734.92 0.97944266
8735.8 0.9790264
8736.68 0.9786097
8737.57 0.97819203
8738.45 0.97777593
8739.34 0.97735894
8740.23 0.97718054
8741.11 0.97770315
8741.99 0.97822315
8742.88 0.97874993
8743.76 0.9792717
8744.64 0.9797887
8745.53 0.98031366
8746.42 0.9808318
8747.3 0.9813479
8748.18 0.98186344
8749.07 0.9823777
8749.96 0.98289794
8750.84 0.9821019
8751.72 0.9812389
8752.61 0.9803682
8753.5 0.9795036
8754.38 0.9786404
8755.27 0.977772
8756.15 0.97691184
8757.03 0.9760528
8757.93 0.97517806
8758.81 0.97431904
8759.7 0.9734512
8760.58 0.97325635
8761.47 0.97340435
8762.36 0.97355247
8763.24 0.9736997
8764.13 0.9738437
8765.02 0.9739864
8765.9 0.9741304
8766.79 0.9742765
8767.67 0.9744218
8768.56 0.97456276
8769.46 0.97470516
8770.34 0.97455823
8771.22 0.9739508
8772.11 0.97333306
8773.0 0.9727219
8773.89 0.97211146
8774.78 0.9714968
8775.66 0.9708857
8776.55 0.97027403
8777.44 0.969659
8778.33 0.969047
8779.22 0.96843344
8780.1 0.9678834
8780.99 0.96777356
8781.89 0.96766204
8782.77 0.967552
8783.66 0.9674373
8784.55 0.9673231
8785.43 0.9672108
8786.32 0.9670984
8787.22 0.96698576
8788.1 0.96687335
8789.0 0.96675575
8789.88 0.96664447
8790.77 0.9663973
8791.66 0.96613306
8792.55 0.9658686
8793.43 0.9656043
8794.33 0.96533746
8795.22 0.96507466
8796.1 0.9648101
8797.0 0.96454173
8797.89 0.9642744
8798.78 0.964007
8799.67 0.9637411
8800.56 0.96328056
8801.45 0.9627035
8802.34 0.96212876
8803.23 0.9615518
8804.12 0.96097726
8805.01 0.960398
8805.9 0.95982385
8806.79 0.959245
8807.68 0.9586691
8808.58 0.9580883
8809.47 0.9575133
8810.36 0.95711046
8811.25 0.9569605
8812.14 0.9568118
8813.03 0.95665944
8813.93 0.9565096
8814.82 0.9563599
8815.71 0.95620793
8816.6 0.9560567
8817.49 0.9559057
8818.39 0.95575285
8819.27 0.95560056
8820.17 0.9552443
8821.06 0.9539929
8821.95 0.95275176
8822.84 0.9515085
8823.74 0.9502618
8824.63 0.9490228
8825.52 0.94778275
8826.42 0.94653696
8827.31 0.9452997
8828.2 0.9440628
8829.09 0.942827
8829.99 0.94159037
8830.88 0.9412885
8831.77 0.9410007
8832.67 0.9407118
8833.56 0.940424
8834.46 0.9401358
8835.35 0.93984586
8836.25 0.9395579
8837.14 0.93926907
8838.04 0.9389765
8838.93 0.9386855
8839.82 0.9383972
8840.72 0.9387196
8841.61 0.93918896
8842.5 0.93965745
8843.4 0.94012886
8844.29 0.94059664
8845.19 0.9410625
8846.08 0.9415289
8846.98 0.9419901
8847.88 0.9424566
8848.77 0.94291997
8849.67 0.943381
8850.56 0.94326025
8851.46 0.9427956
8852.35 0.9423308
8853.25 0.9418657
8854.14 0.9414015
8855.03 0.9409367
8855.93 0.94046956
8856.83 0.94000447
8857.73 0.9395351
8858.62 0.93906945
8859.52 0.938601
8860.42 0.93815994
8861.31 0.93775684
8862.2 0.9373563
8863.11 0.93694633
8864.0 0.9365406
8864.9 0.93613464
8865.8 0.935734
8866.69 0.9353286
8867.59 0.9349181
8868.49 0.93451136
8869.38 0.9341043
8870.28 0.93368894
8871.18 0.93326664
8872.08 0.93284166
8872.98 0.93241566
8873.87 0.9319893
8874.76 0.9315669
8875.67 0.93113774
8876.57 0.9307127
8877.46 0.9302881
8878.36 0.92986244
8879.26 0.9294377
8880.16 0.9290193
8881.06 0.9286292
8881.95 0.92824066
8882.85 0.92784995
8883.75 0.9274629
8884.65 0.92707235
8885.55 0.9266795
8886.44 0.9262915
8887.35 0.92589897
8888.25 0.9255114
8889.15 0.92512167
8890.05 0.92473316
8890.94 0.92440295
8891.84 0.92407405
8892.75 0.92374307
8893.65 0.9234136
8894.54 0.92308354
8895.45 0.9227514
8896.34 0.9224209
8897.25 0.92208743
8898.15 0.9217546
8899.04 0.9214242
8899.95 0.9210865
8900.85 0.92056805
8901.74 0.9200468
8902.65 0.9195151
8903.55 0.9189845
8904.45 0.9184536
8905.35 0.9179216
8906.25 0.91739494
8907.15 0.91686344
8908.05 0.9163338
8908.95 0.9158048
8909.85 0.91527414
8910.75 0.91445816
8911.65 0.9135874
8912.56 0.91270804
8913.46 0.9118414
8914.36 0.9109688
8915.27 0.91009337
8916.17 0.90922207
8917.07 0.90835255
8917.97 0.9074779
8918.87 0.9066088
8919.78 0.9057361
8920.68 0.9054785
8921.58 0.9054158
8922.48 0.90535545
8923.38 0.90529525
8924.28 0.9052316
8925.2 0.9051661
8926.09 0.9051062
8927.0 0.9050412
8927.9 0.9049751
8928.8 0.9049103
8929.71 0.904845
8930.61 0.90467423
8931.51 0.904453
8932.42 0.9042308
8933.32 0.9040113
8934.23 0.90379184
8935.13 0.90356976
8936.03 0.903344
8936.93 0.9031232
8937.84 0.902899
8938.75 0.9026772
8939.65 0.90245247
8940.56 0.9020152
8941.46 0.9014466
8942.37 0.9008754
8943.27 0.90030456
8944.17 0.89973503
8945.08 0.89916676
8945.99 0.8985971
8946.89 0.8980278
8947.79 0.8974586
8948.7 0.89689183
8949.61 0.8963173
8950.51 0.89573586
8951.41 0.8951413
8952.32 0.89454585
8953.23 0.8939519
8954.13 0.8933602
8955.04 0.8927611
8955.95 0.89216995
8956.85 0.8915746
8957.76 0.89097923
8958.67 0.8903824
8959.57 0.8897882
8960.48 0.8893449
8961.38 0.88903606
8962.29 0.88872725
8963.2 0.8884187
8964.1 0.8881093
8965.01 0.88779956
8965.92 0.88748914
8966.82 0.8871786
8967.73 0.88686574
8968.64 0.88655525
8969.55 0.88624215
8970.46 0.88574684
8971.36 0.8850714
8972.27 0.88439506
8973.18 0.8837181
8974.08 0.8830421
8974.99 0.88236004
8975.9 0.8816867
8976.81 0.88100886
8977.72 0.88032955
8978.63 0.87965333
8979.54 0.8789746
8980.44 0.87857646
8981.35 0.8784658
8982.26 0.8783562
8983.17 0.8782449
8984.08 0.8781352
8984.99 0.8780217
8985.9 0.8779113
8986.8 0.8777986
8987.72 0.8776861
8988.62 0.8775738
8989.54 0.8774566
8990.44 0.8771715
8991.35 0.87671185
8992.27 0.8762464
8993.17 0.87578106
8994.08 0.87531936
8995.0 0.8748551
8995.9 0.87438995
8996.81 0.8739255
8997.72 0.8734634
8998.63 0.8730004
8999.55 0.87253445
9000.45 0.8720811
9001.36 0.87164074
9002.28 0.8712
9003.19 0.8707588
9004.1 0.87031937
9005.01 0.86987835
9005.92 0.8694314
9006.83 0.86899173
9007.75 0.8685463
9008.65 0.86810434
9009.56 0.86766356
9010.48 0.8669851
9011.39 0.866086
9012.3 0.8651822
9013.21 0.86428607
9014.12 0.8633897
9015.04 0.86248785
9015.95 0.8615918
9016.86 0.860697
9017.77 0.85979414
9018.68 0.85890293
9019.6 0.85800064
9020.51 0.8575
9021.42 0.85730785
9022.33 0.85711896
9023.25 0.85692954
9024.16 0.8567351
9025.07 0.85654074
9025.99 0.85635114
9026.9 0.85615623
9027.81 0.85596216
9028.73 0.855768
9029.64 0.8555713
9030.56 0.85501826
9031.46 0.8542416
9032.39 0.85345215
9033.3 0.85266995
9034.2 0.85189193
9035.12 0.8511089
9036.03 0.85032576
9036.95 0.84954655
9037.87 0.84876186
9038.78 0.8479806
9039.7 0.8471944
9040.61 0.8467066
9041.52 0.84636515
9042.44 0.8460224
9043.35 0.84568334
9044.26 0.8453408
9045.19 0.8449909
9046.1 0.84464896
9047.01 0.8443087
9047.93 0.8439663
9048.84 0.8436213
9049.76 0.8432738
9050.68 0.84273505
9051.59 0.84212494
9052.51 0.84151196
9053.42 0.8409053
9054.34 0.8402969
9055.26 0.8396859
9056.17 0.83907926
9057.08 0.8384734
9058.0 0.83786166
9058.92 0.8372534
9059.84 0.8366397
9060.75 0.83611447
9061.67 0.83561105
9062.59 0.8351027
9063.5 0.8345965
9064.42 0.83409286
9065.34 0.8335882
9066.26 0.8330834
9067.17 0.83257604
9068.09 0.83206564
9069.0 0.83155847
9069.92 0.83105326
9070.84 0.83064294
9071.76 0.8302504
9072.68 0.8298523
9073.6 0.8294554
9074.51 0.8290579
9075.43 0.82865584
9076.35 0.82825655
9077.27 0.8278597
9078.19 0.82745725
9079.11 0.8270573
9080.02 0.8266606
9080.94 0.82634133
9081.86 0.826023
9082.78 0.8257011
9083.7 0.8253784
9084.61 0.82505476
9085.54 0.82472986
9086.46 0.82440734
9087.37 0.82408476
9088.3 0.82376045
9089.22 0.82343435
9090.13 0.8230217
9091.06 0.8220821
9091.98 0.8211468
9092.89 0.8202109
9093.81 0.8192785
9094.73 0.8183417
9095.65 0.81740105
9096.57 0.8164689
9097.49 0.81553656
9098.42 0.8145974
9099.33 0.8136647
9100.25 0.812973
9101.18 0.81290793
9102.1 0.81284106
9103.02 0.812775
9103.94 0.81270844
9104.86 0.8126353
9105.78 0.81256634
9106.7 0.8124973
9107.62 0.8124295
9108.55 0.8123596
9109.47 0.8122888
9110.39 0.81195486
9111.31 0.81125706
9112.23 0.81056374
9113.16 0.8098669
9114.08 0.80917376
9115.0 0.8084825
9115.92 0.80778533
9116.85 0.8070917
9117.77 0.806395
9118.69 0.8057019
9119.61 0.805009
9120.53 0.80453944
9121.46 0.80423594
9122.38 0.8039327
9123.3 0.80362475
9124.23 0.8033193
9125.15 0.8030149
9126.07 0.8027068
9127.0 0.8024015
9127.92 0.80208904
9128.84 0.8017828
9129.77 0.80147403
9130.69 0.80071086
9131.61 0.799794
9132.53 0.79887736
9133.46 0.7979564
9134.39 0.7970398
9135.31 0.79612136
9136.24 0.7952018
9137.16 0.79428834
9138.08 0.7933722
9139.01 0.792453
9139.93 0.7915407
9140.85 0.79120106
9141.78 0.7909023
9142.71 0.79060525
9143.63 0.79030883
9144.56 0.790012
9145.48 0.78971595
9146.41 0.789416
9147.33 0.7891156
9148.26 0.7888186
9149.18 0.7885193
9150.11 0.78817886
9151.03 0.78753144
9151.96 0.78687805
9152.89 0.78623104
9153.82 0.785576
9154.74 0.78492755
9155.67 0.78427815
9156.59 0.7836311
9157.52 0.7829839
9158.44 0.78233236
9159.37 0.7816765
9160.3 0.7813468
9161.22 0.7816916
9162.15 0.78203696
9163.08 0.782377
9164.01 0.7827183
9164.93 0.78305805
9165.85 0.78339267
9166.79 0.7837329
9167.72 0.7840686
9168.64 0.7843997
9169.57 0.784735
9170.5 0.78403157
9171.42 0.7824261
9172.35 0.7808153
9173.28 0.779212
9174.21 0.7776013
9175.14 0.77600205
9176.07 0.77440614
9177.0 0.77280116
9177.92 0.7712122
9178.85 0.7696188
9179.78 0.7680086
9180.71 0.7673814
9181.63 0.7670464
9182.57 0.76670694
9183.49 0.76636875
9184.43 0.76602805
9185.35 0.7656892
9186.28 0.7653508
9187.22 0.7650085
9188.14 0.7646683
9189.07 0.76432836
9190.0 0.76398295
9190.93 0.7634702
9191.86 0.7629489
9192.8 0.76242244
9193.72 0.76190305
9194.65 0.7613814
9195.58 0.7608626
9196.51 0.7603408
9197.44 0.75981504
9198.37 0.75929296
9199.3 0.75877124
9200.24 0.75832033
9201.17 0.75808656
9202.1 0.757854
9203.02 0.75762254
9203.95 0.75738853
9204.9 0.75715154
9205.82 0.7569186
9206.75 0.75668025
9207.68 0.75644314
9208.61 0.75620794
9209.55 0.75597113
9210.48 0.7553502
9211.41 0.7543741
9212.34 0.7533991
9213.28 0.75242
9214.21 0.7514429
9215.14 0.7504636
9216.07 0.7494936
9217.0 0.7485239
9217.94 0.74754137
9218.87 0.74656737
9219.8 0.7455971
9220.74 0.745282
9221.67 0.74514526
9222.6 0.7450106
9223.53 0.7448741
9224.47 0.7447394
9225.4 0.74460405
9226.33 0.7444663
9227.27 0.744326
9228.2 0.7441893
9229.13 0.744054
9230.06 0.7438747
9231.0 0.7431873
9231.93 0.74250644
9232.87 0.74182713
9233.81 0.7411397
9234.74 0.74045926
9235.67 0.7397766
9236.61 0.73908865
9237.54 0.7384074
9238.48 0.7377226
9239.41 0.73704225
9240.35 0.73648775
9241.28 0.7361468
9242.21 0.7358067
9243.15 0.73547065
9244.08 0.73512655
9245.02 0.734788
9245.95 0.73444873
9246.89 0.73410565
9247.83 0.7337655
9248.77 0.73341894
9249.7 0.7330735
9250.63 0.73242056
9251.57 0.7316139
9252.51 0.7308088
9253.44 0.73000616
9254.38 0.7292062
9255.31 0.72840184
9256.25 0.7276012
9257.19 0.7267944
9258.12 0.7259896
9259.06 0.7251862
9260.0 0.72438395
9260.93 0.72430015
9261.87 0.72421867
9262.81 0.7241373
9263.75 0.72405463
9264.69 0.723971
9265.62 0.7238869
9266.56 0.7238017
9267.49 0.723715
9268.43 0.7236259
9269.37 0.7235362
9270.31 0.7233067
9271.25 0.72278935
9272.19 0.7222689
9273.12 0.72175086
9274.06 0.7212327
9275.0 0.7207111
9275.94 0.72019434
9276.87 0.71967345
9277.82 0.7191497
9278.75 0.718631
9279.69 0.71811265
9280.63 0.7176035
9281.57 0.71709764
9282.51 0.71659034
9283.45 0.716086
9284.39 0.71558064
9285.33 0.71507263
9286.27 0.7145683
9287.2 0.7140622
9288.15 0.71355426
9289.09 0.7130471
9290.03 0.71253675
9290.97 0.7120923
9291.91 0.71164507
9292.85 0.7112013
9293.78 0.7107522
9294.72 0.710303
9295.67 0.7098533
9296.6 0.7094051
9297.55 0.70895916
9298.49 0.7085091
9299.43 0.7080561
9300.37 0.70753783
9301.31 0.7069234
9302.25 0.70630974
9303.2 0.7056899
9304.14 0.7050755
9305.08 0.70446014
9306.02 0.70384294
9306.96 0.70322776
9307.9 0.70261276
9308.84 0.7019888
9309.78 0.7013748
9310.73 0.7005706
9311.67 0.6997175
9312.61 0.6988622
9313.56 0.6980016
9314.5 0.6971476
9315.43 0.6962982
9316.38 0.695434
9317.32 0.694579
9318.26 0.69373083
9319.21 0.69287074
9320.15 0.6920975
9321.09 0.69173616
9322.04 0.6913781
9322.98 0.6910197
9323.92 0.69065887
9324.87 0.6902989
9325.81 0.6899389
9326.75 0.68957794
9327.69 0.6892186
9328.64 0.6888588
9329.59 0.6884936
9330.52 0.6881392
9331.47 0.68778634
9332.42 0.68743813
9333.36 0.68709236
9334.31 0.6867406
9335.25 0.6863904
9336.19 0.6860363
9337.14 0.68568045
9338.08 0.6853296
9339.03 0.6849787
9339.97 0.6846265
9340.91 0.6839731
9341.87 0.6833041
9342.81 0.6826432
9343.75 0.6819838
9344.7 0.6813144
9345.64 0.68065476
9346.59 0.6799933
9347.54 0.6793256
9348.48 0.6786604
9349.42 0.67799765
9350.38 0.6773458
9351.32 0.6767161
9352.26 0.67608964
9353.21 0.6754576
9354.15 0.6748304
9355.11 0.6741919
9356.05 0.67356336
9356.99 0.6729345
9357.94 0.6723008
9358.89 0.671671
9359.83 0.67103875
9360.78 0.67059284
9361.73 0.67018807
9362.68 0.6697807
9363.63 0.66937315
9364.57 0.66896635
9365.52 0.6685592
9366.47 0.6681527
9367.41 0.6677461
9368.37 0.6673328
9369.31 0.6669249
9370.26 0.66643494
9371.21 0.66571647
9372.15 0.66500175
9373.11 0.66428554
9374.05 0.6635701
9375.0 0.66286093
9375.95 0.6621387
9376.9 0.6614288
9377.85 0.66071326
9378.79 0.66000307
9379.74 0.6592884
9380.69 0.65876186
9381.64 0.65830517
9382.59 0.6578487
9383.54 0.6573909
9384.49 0.65693384
9385.44 0.6564746
9386.39 0.65601784
9387.34 0.6555614
9388.29 0.65510094
9389.24 0.654639
9390.19 0.6540805
9391.14 0.65312356
9392.09 0.65216416
9393.04 0.65120417
9393.99 0.65024215
9394.94 0.64928424
9395.89 0.64832586
9396.84 0.64736664
9397.79 0.6464082
9398.74 0.6454504
9399.69 0.64448935
9400.65 0.64385784
9401.59 0.64337575
9402.55 0.6428922
9403.5 0.64241153
9404.45 0.64192826
9405.4 0.6414453
9406.35 0.6409627
9407.31 0.6404756
9408.25 0.63998926
9409.2 0.6395037
9410.16 0.6389324
9411.11 0.63795877
9412.06 0.63697803
9413.02 0.6359949
9413.97 0.6350253
9414.92 0.63404787
9415.88 0.6330675
9416.83 0.6320948
9417.78 0.63112056
9418.73 0.63014704
9419.68 0.62917507
9420.64 0.62848437
9421.59 0.6279384
9422.54 0.6273914
9423.5 0.6268421
9424.45 0.6262957
9425.4 0.6257479
9426.36 0.6251991
9427.31 0.62464905
9428.27 0.624097
9429.22 0.6235513
9430.17 0.6229599
9431.13 0.6222126
9432.08 0.6214622
9433.03 0.62071466
9433.99 0.6199573
9434.94 0.6192134
9435.9 0.6184619
9436.85 0.6177033
9437.81 0.6169546
9438.77 0.6162012
9439.72 0.61545223
9440.67 0.61480606
9441.63 0.61419946
9442.59 0.61359763
9443.54 0.61299515
9444.49 0.6123895
9445.45 0.6117855
9446.4 0.6111814
9447.36 0.61057186
9448.32 0.6099692
9449.28 0.6093611
9450.23 0.6086562
9451.19 0.60764664
9452.15 0.6066294
9453.1 0.60562444
9454.06 0.60461503
9455.02 0.6036041
9455.97 0.6025968
9456.92 0.6015989
9457.88 0.60058254
9458.84 0.59958416
9459.8 0.5985743
9460.75 0.5978735
9461.71 0.5972539
9462.67 0.59663236
9463.62 0.59601593
9464.58 0.59539557
9465.54 0.5947727
9466.49 0.59415776
9467.45 0.59353733
9468.42 0.5929097
9469.37 0.5922887
9470.33 0.5916501
9471.29 0.59097296
9472.24 0.5902926
9473.2 0.58960676
9474.16 0.5889304
9475.12 0.58825004
9476.08 0.5875677
9477.04 0.58688796
9478.0 0.5862058
9478.96 0.5855265
9479.91 0.5848472
9480.88 0.58415407
9481.83 0.583465
9482.79 0.5827783
9483.75 0.5820831
9484.71 0.58139175
9485.67 0.5807007
9486.63 0.58000714
9487.59 0.5793188
9488.55 0.57862777
9489.51 0.5779317
9490.47 0.5771401
9491.43 0.5762389
9492.39 0.5753486
9493.35 0.57445276
9494.32 0.57354647
9495.27 0.5726556
9496.23 0.5717648
9497.19 0.5708647
9498.15 0.56996965
9499.11 0.5690775
9500.08 0.56817895
9501.04 0.5672951
9502.0 0.5664048
9502.96 0.5655167
9503.92 0.56463313
9504.89 0.5637454
9505.84 0.56286854
9506.8 0.5619818
9507.77 0.5610926
9508.73 0.5602121
9509.69 0.5593309
9510.66 0.5584568
9511.62 0.5575904
9512.58 0.5567199
9513.54 0.5558545
9514.5 0.5549894
9515.47 0.55412006
9516.43 0.55325586
9517.39 0.552392
9518.35 0.5515295
9519.32 0.5506666
9520.28 0.54980075
9521.25 0.5489043
9522.21 0.5480176
9523.17 0.5471255
9524.14 0.54624164
9525.1 0.5453627
9526.07 0.5444683
9527.03 0.5435864
9527.99 0.5427009
9528.96 0.54181594
9529.92 0.5409343
9530.88 0.54006743
9531.85 0.5392043
9532.81 0.5383392
9533.78 0.5374776
9534.74 0.5366157
9535.7 0.5357566
9536.67 0.53489155
9537.64 0.5340312
9538.6 0.533169
9539.57 0.5323068
9540.53 0.53160644
9541.49 0.5310363
9542.46 0.5304643
9543.43 0.52989227
9544.39 0.5293214
9545.35 0.5287507
9546.32 0.5281779
9547.29 0.5276035
9548.25 0.52703214
9549.22 0.5264567
9550.19 0.52588797
9551.15 0.5253569
9552.12 0.5248248
9553.09 0.52428937
9554.05 0.5237531
9555.02 0.52321523
9555.99 0.5226814
9556.95 0.5221453
9557.92 0.5216099
9558.89 0.5210765
9559.85 0.520533
9560.82 0.5199717
9561.79 0.51941407
9562.75 0.5188527
9563.73 0.51828766
9564.69 0.517726
9565.66 0.5171598
9566.63 0.5165932
9567.59 0.51603
9568.57 0.51546335
9569.53 0.5148995
9570.5 0.51433897
9571.47 0.51378447
9572.43 0.513232
9573.4 0.5126759
9574.37 0.5121169
9575.34 0.51156235
9576.31 0.5110049
9577.28 0.5104475
9578.25 0.5098925
9579.22 0.5093299
9580.19 0.5087191
9581.16 0.50789183
9582.13 0.50705904
9583.1 0.50622785
9584.06 0.50540483
9585.03 0.50457644
9586.0 0.50374657
9586.97 0.50291824
9587.94 0.50209045
9588.91 0.50126225
9589.89 0.50043195
9590.85 0.4996678
9591.82 0.49891403
9592.8 0.49815342
9593.77 0.49739674
9594.73 0.4966457
9595.71 0.49588266
9596.67 0.4951331
9597.64 0.49437624
9598.62 0.4936168
9599.59 0.49286267
9600.56 0.49210954
9601.53 0.49136958
9602.5 0.49063385
9603.48 0.48989078
9604.45 0.48915294
9605.42 0.48841497
9606.39 0.48767012
9607.36 0.48693538
9608.33 0.4861983
9609.31 0.48545605
9610.28 0.48471484
9611.25 0.4839459
9612.22 0.48317924
9613.19 0.48241758
9614.17 0.4816447
9615.14 0.48088363
9616.11 0.48011804
9617.09 0.47935253
9618.06 0.47858664
9619.03 0.4778223
9620.01 0.47705546
9620.98 0.47638205
9621.96 0.47568992
9622.93 0.4750149
9623.9 0.47433248
9624.88 0.47364673
9625.85 0.47296718
9626.82 0.47228563
9627.8 0.47159904
9628.77 0.4709217
9629.74 0.47023842
9630.72 0.4695747
9631.69 0.4689215
9632.67 0.46826676
9633.65 0.4676173
9634.61 0.4669666
9635.6 0.46630815
9636.56 0.46566153
9637.54 0.46500802
9638.52 0.46435243
9639.49 0.4636995
9640.47 0.46302712
9641.44 0.46233624
9642.42 0.461649
9643.4 0.4609565
9644.37 0.46026856
9645.35 0.4595809
9646.33 0.4588871
9647.29 0.458205
9648.27 0.45751822
9649.25 0.45682228
9650.22 0.456144
9651.2 0.45549777
9652.18 0.45485172
9653.15 0.45420828
9654.13 0.45355886
9655.11 0.45291474
9656.08 0.45227227
9657.07 0.45161846
9658.04 0.45097485
9659.02 0.45033112
9660.0 0.4496786
9660.97 0.44890758
9661.94 0.4481344
9662.92 0.44735694
9663.9 0.44658348
9664.88 0.44580346
9665.86 0.44503143
9666.84 0.44426015
9667.82 0.4434827
9668.79 0.44271284
9669.77 0.44194394
9670.75 0.44116366
9671.73 0.4403918
9672.71 0.43962106
9673.68 0.43884748
9674.66 0.43807665
9675.64 0.4373012
9676.62 0.43652913
9677.6 0.43575817
9678.58 0.43498167
9679.56 0.43421018
9680.54 0.43344873
9681.52 0.43268326
9682.5 0.43192393
9683.48 0.43116757
9684.46 0.4304035
9685.44 0.4296429
9686.42 0.42888573
9687.4 0.4281292
9688.37 0.42737022
9689.36 0.4266109
9690.34 0.42585447
9691.32 0.42510936
9692.3 0.42436135
9693.28 0.42361575
9694.26 0.42287073
9695.24 0.42212385
9696.22 0.42137623
9697.21 0.42062965
9698.19 0.41988525
9699.17 0.4191408
9700.15 0.41841036
9701.13 0.4177602
9702.1 0.41710812
9703.09 0.41645423
9704.07 0.4158031
9705.05 0.415154
9706.04 0.41449863
9707.02 0.41384855
9708.0 0.41318908
9708.98 0.41254085
9709.97 0.41188702
9710.95 0.4112122
9711.93 0.41053733
9712.91 0.40986252
9713.9 0.4091892
9714.88 0.4085109
9715.86 0.40784082
9716.84 0.4071596
9717.83 0.4064861
9718.81 0.40580758
9719.79 0.40513423
9720.78 0.40447074
9721.76 0.40380844
9722.75 0.40314633
9723.73 0.40248942
9724.72 0.40182596
9725.7 0.40116504
9726.68 0.4005061
9727.66 0.39984715
9728.65 0.3991865
9729.63 0.3985241
9730.62 0.39785945
9731.6 0.39719418
9732.59 0.3965281
9733.57 0.39586422
9734.55 0.39519954
9735.54 0.3945302
9736.53 0.39386463
9737.51 0.39319995
9738.5 0.3925307
9739.48 0.3918651
9740.47 0.3911752
9741.45 0.39045626
9742.43 0.3897356
9743.42 0.3890145
9744.41 0.38829413
9745.39 0.387573
9746.38 0.3868497
9747.37 0.38613003
9748.35 0.38541248
9749.34 0.38468954
9750.33 0.38397348
9751.32 0.38326153
9752.3 0.38255173
9753.29 0.38184124
9754.27 0.3811271
9755.26 0.38041922
9756.24 0.37971154
9757.23 0.37899613
9758.22 0.37828672
9759.2 0.37757707
9760.2 0.37686482
9761.18 0.37616193
9762.17 0.37544975
9763.16 0.374745
9764.15 0.3740398
9765.14 0.3733288
9766.12 0.3726272
9767.1 0.37192413
9768.1 0.37121627
9769.08 0.3705078
9770.07 0.36980057
9771.06 0.3690543
9772.05 0.3683116
9773.04 0.36756644
9774.03 0.36682495
9775.02 0.3660794
9776.01 0.36533192
9777.0 0.3645885
9777.99 0.3638479
9778.98 0.3631027
9779.97 0.3623637
9780.95 0.36170998
9781.94 0.36106423
9782.93 0.36040944
9783.92 0.35976076
9784.91 0.35910577
9785.9 0.35845882
9786.9 0.3578033
9787.88 0.3571553
9788.87 0.35650042
9789.87 0.3558518
9790.85 0.35518998
9791.84 0.3545263
9792.83 0.35385618
9793.82 0.35319352
9794.81 0.3525249
9795.81 0.351859
9796.8 0.35119438
9797.79 0.35052654
9798.78 0.34986058
9799.77 0.34919295
9800.77 0.34873056
9801.76 0.3483321
9802.75 0.3479333
9803.74 0.34753427
9804.73 0.34713754
9805.72 0.34673795
9806.71 0.34633753
9807.7 0.34593624
9808.7 0.34553063
9809.69 0.34513056
9810.68 0.34473497
9811.68 0.3443369
9812.67 0.34394136
9813.66 0.34354642
9814.66 0.34314883
9815.65 0.34275332
9816.64 0.34235752
9817.63 0.3419575
9818.62 0.34156075
9819.62 0.3411623
9820.61 0.340701
9821.6 0.34019804
9822.6 0.3396927
9823.6 0.3391897
9824.59 0.33868545
9825.59 0.33818159
9826.58 0.3376795
9827.57 0.33717644
9828.57 0.3366689
9829.56 0.33616343
9830.56 0.33565336
9831.55 0.3351445
9832.54 0.33463022
9833.54 0.3341144
9834.53 0.3335999
9835.53 0.3330858
9836.52 0.33257118
9837.52 0.3320592
9838.51 0.33154473
9839.51 0.3310247
9840.51 0.33050817
9841.51 0.3299868
9842.5 0.32946444
9843.49 0.32894346
9844.49 0.3284239
9845.48 0.32790166
9846.48 0.32737887
9847.48 0.32685745
9848.47 0.32633638
9849.47 0.32581264
9850.47 0.3252941
9851.46 0.32478532
9852.46 0.32427526
9853.46 0.3237666
9854.45 0.3232545
9855.45 0.32274228
9856.45 0.32223365
9857.45 0.3217216
9858.44 0.32121113
9859.44 0.32070172
9860.43 0.3202221
9861.43 0.3197781
9862.43 0.31933668
9863.43 0.31889212
9864.43 0.31844705
9865.43 0.31800538
9866.43 0.31755978
9867.42 0.31711563
9868.42 0.31667215
9869.42 0.3162238
9870.42 0.3157816
9871.41 0.31534818
9872.42 0.3149108
9873.41 0.31447357
9874.42 0.31403136
9875.41 0.31359428
9876.41 0.31315702
9877.41 0.31271684
9878.41 0.31227902
9879.41 0.3118387
9880.41 0.31138426
9881.41 0.3109169
9882.41 0.31044397
9883.41 0.3099671
9884.41 0.30949715
9885.41 0.3090283
9886.41 0.3085574
9887.41 0.30808374
9888.41 0.30760822
9889.41 0.30713424
9890.41 0.306685
9891.41 0.30626202
9892.41 0.3058371
9893.41 0.30541503
9894.42 0.30498794
9895.42 0.30456275
9896.42 0.3041389
9897.42 0.30371514
9898.42 0.30329475
9899.42 0.30286643
9900.42 0.3023939
9901.42 0.30186528
9902.43 0.30132967
9903.43 0.30079582
9904.43 0.3002657
9905.43 0.29973128
9906.43 0.29919907
9907.44 0.29866472
9908.44 0.2981325
9909.44 0.29760078
9910.45 0.29707578
9911.45 0.29656634
9912.44 0.2960614
9913.45 0.29554954
9914.45 0.29503962
9915.45 0.29453182
9916.46 0.2940195
9917.46 0.29351214
9918.47 0.29300088
9919.47 0.29248944
9920.48 0.29197937
9921.48 0.2914649
9922.48 0.29095456
9923.49 0.29044574
9924.49 0.2899348
9925.49 0.28942445
9926.49 0.28891218
9927.5 0.2883972
9928.5 0.28788754
9929.51 0.2873734
9930.52 0.28685498
9931.52 0.28632978
9932.53 0.28580013
9933.53 0.28527293
9934.53 0.28474644
9935.54 0.28421664
9936.55 0.2836911
9937.55 0.2831697
9938.56 0.28263465
9939.56 0.2821095
9940.57 0.28163415
9941.57 0.28119937
9942.58 0.28076506
9943.59 0.28032973
9944.59 0.27989706
9945.6 0.27946198
9946.61 0.2790233
9947.61 0.27858815
9948.62 0.27815026
9949.63 0.27771083
9950.63 0.27726486
9951.64 0.27680793
9952.64 0.27635455
9953.65 0.27590075
9954.66 0.27544218
9955.66 0.27498388
9956.67 0.27452692
9957.68 0.27406788
9958.69 0.273611
9959.69 0.27315387
9960.7 0.2727028
9961.71 0.27225628
9962.72 0.2718086
9963.72 0.27136183
9964.73 0.27091536
9965.74 0.2704645
9966.75 0.27001485
9967.76 0.26956666
9968.77 0.26911473
9969.77 0.26866543
9970.78 0.26821196
9971.8 0.26775208
9972.8 0.26729605
9973.81 0.26683977
9974.82 0.26637864
9975.83 0.2659192
9976.84 0.26545867
9977.85 0.26499927
9978.85 0.26454243
9979.87 0.26407954
9980.88 0.26354384
9981.88 0.26300082
9982.9 0.26244873
9983.91 0.26190105
9984.91 0.2613562
9985.93 0.26080573
9986.94 0.26025817
9987.95 0.25970966
9988.96 0.25915942
9989.97 0.25860935
9990.98 0.25807375
9991.99 0.2575303
9993.0 0.25698978
9994.01 0.25645086
9995.02 0.255907
9996.03 0.25536898
9997.05 0.25482708
9998.06 0.25428352
9999.07 0.25373766
10000.08 0.2532112
10001.09 0.2527973
10002.11 0.25237697
10003.12 0.25196165
10004.13 0.2515481
10005.14 0.2511324
10006.15 0.2507188
10007.16 0.25030392
10008.18 0.24988465
10009.19 0.24946976
10010.21 0.24905355
10011.22 0.24863061
10012.23 0.24820831
10013.24 0.24778529
10014.25 0.2473627
10015.26 0.24694018
10016.29 0.24651316
10017.3 0.24609008
10018.31 0.24566728
10019.32 0.24524462
10020.33 0.24484779
10021.36 0.24450082
10022.37 0.24415798
10023.38 0.24381422
10024.39 0.24347027
10025.41 0.24312632
10026.42 0.2427819
10027.43 0.24243696
10028.44 0.24209198
10029.46 0.24174696
10030.48 0.24139327
10031.5 0.24103726
10032.51 0.240681
10033.52 0.2403249
10034.54 0.23996834
10035.56 0.23960726
10036.57 0.23925012
10037.58 0.23889667
10038.6 0.23853526
10039.62 0.23817748
10040.63 0.23782082
10041.64 0.23746449
10042.66 0.23710854
10043.68 0.23674802
10044.7 0.23639138
10045.71 0.23603433
10046.73 0.23567684
10047.74 0.23531887
10048.76 0.23496112
10049.78 0.23459904
10050.8 0.23423825
10051.8 0.23388101
10052.83 0.2335153
10053.85 0.23315305
10054.86 0.23279107
10055.88 0.23242879
10056.89 0.23206602
10057.92 0.23169884
10058.94 0.23133592
10059.95 0.23097177
10060.97 0.23056002
10061.98 0.23014556
10063.0 0.22973101
10064.03 0.22931154
10065.03 0.22890115
10066.06 0.22848187
10067.08 0.22806665
10068.1 0.2276517
10069.11 0.22723612
10070.13 0.22682132
10071.15 0.22641003
10072.18 0.2259943
10073.19 0.2255827
10074.21 0.22517124
10075.23 0.22475931
10076.25 0.22434752
10077.27 0.22393128
10078.29 0.22351895
10079.3 0.22311129
10080.33 0.22269334
10081.35 0.22227691
10082.37 0.22186078
10083.38 0.2214443
10084.4 0.22102751
10085.42 0.22061092
10086.45 0.22018985
10087.47 0.21977286
10088.49 0.21935642
10089.51 0.21893929
10090.53 0.21852674
10091.55 0.21811819
10092.57 0.21770966
10093.59 0.2173008
10094.62 0.21688765
10095.64 0.21647811
10096.66 0.21606891
10097.68 0.21565984
10098.7 0.21525009
10099.73 0.21483581
10100.75 0.21444689
10101.77 0.21406542
10102.79 0.21368355
10103.81 0.21330135
10104.83 0.2129188
10105.85 0.21253623
10106.87 0.21215351
10107.89 0.21177003
10108.92 0.21138284
10109.95 0.21099964
10110.97 0.21063823
10111.99 0.21027781
10113.01 0.2099173
10114.04 0.209552
10115.06 0.20919089
10116.09 0.2088293
10117.11 0.20846777
10118.13 0.20810531
10119.15 0.20774241
10120.17 0.20737655
10121.2 0.20699567
10122.23 0.20660992
10123.25 0.20622864
10124.28 0.20584682
10125.3 0.20546502
10126.32 0.20508313
10127.34 0.2047002
10128.38 0.20431338
10129.4 0.20392996
10130.42 0.20355256
10131.45 0.20318262
10132.47 0.2028123
10133.49 0.20244162
10134.52 0.20207009
10135.54 0.20169869
10136.58 0.20132303
10137.6 0.20095114
10138.62 0.2005785
10139.65 0.20020568
10140.67 0.19978754
10141.7 0.19934575
10142.73 0.19889948
10143.76 0.19845779
10144.78 0.19801539
10145.81 0.19757393
10146.83 0.1971321
10147.86 0.19668984
10148.88 0.19624764
10149.91 0.19580519
10150.94 0.19535603
10151.97 0.19491127
10153.0 0.19446637
10154.02 0.19402184
10155.05 0.19357632
10156.07 0.19313166
10157.11 0.19268182
10158.14 0.19223674
10159.16 0.19179136
10160.19 0.19134663
10161.21 0.19090065
10162.24 0.19045468
10163.27 0.19000925
10164.29 0.18956354
10165.33 0.18911277
10166.36 0.18866763
10167.39 0.18822163
10168.41 0.18777551
10169.44 0.18732975
10170.48 0.18688859
10171.51 0.1864626
10172.53 0.18603632
10173.56 0.18561038
10174.59 0.18518397
10175.62 0.18475786
10176.64 0.18433094
10177.67 0.18390404
10178.7 0.1834776
10179.74 0.18304613
10180.77 0.1826312
10181.8 0.18222049
10182.83 0.18180951
10183.85 0.18139857
10184.89 0.18098299
10185.92 0.18057162
10186.95 0.18015997
10187.98 0.1797481
10189.01 0.17933615
10190.04 0.17892423
10191.07 0.17851532
10192.1 0.17810659
10193.14 0.17769307
10194.17 0.17728384
10195.2 0.1768743
10196.23 0.1764644
10197.26 0.17605463
10198.29 0.17564474
10199.33 0.17523003
10200.36 0.17486048
10201.39 0.17456879
10202.42 0.17427704
10203.45 0.1739849
10204.48 0.17369232
10205.51 0.17339996
10206.54 0.17310706
10207.59 0.17281118
10208.62 0.17251825
10209.65 0.17222533
10210.68 0.17193787
10211.71 0.17165264
10212.74 0.17136718
10213.79 0.17107919
10214.82 0.17079346
10215.85 0.17050739
10216.88 0.17022176
10217.91 0.1699358
10218.95 0.1696498
10219.98 0.16936307
10221.01 0.16904314
10222.05 0.16871975
10223.09 0.16839924
10224.12 0.16807891
10225.15 0.16775848
10226.19 0.16743791
10227.23 0.1671137
10228.26 0.16679306
10229.3 0.16647229
10230.33 0.16615778
10231.36 0.1658572
10232.4 0.16555655
10233.43 0.16525598
10234.46 0.16495454
10235.5 0.16465366
10236.54 0.16434889
10237.58 0.1640477
10238.61 0.1637461
10239.64 0.16344377
10240.68 0.16314426
10241.73 0.16284288
10242.76 0.16254412
10243.79 0.16224523
10244.83 0.16194645
10245.86 0.16164722
10246.9 0.16134773
10247.93 0.16104852
10248.97 0.16074854
10250.02 0.16044599
10251.05 0.16013184
10252.09 0.15981771
10253.12 0.15950345
10254.16 0.1591889
10255.19 0.15887435
10256.24 0.15855649
10257.27 0.15824482
10258.3 0.15793008
10259.35 0.15761201
10260.39 0.1572941
10261.42 0.15697123
10262.46 0.15664831
10263.5 0.15632518
10264.54 0.15599869
10265.58 0.1556755
10266.62 0.1553522
10267.66 0.1550289
10268.69 0.15470475
10269.73 0.15438135
10270.78 0.15407027
10271.8 0.15377137
10272.85 0.15346594
10273.89 0.15316316
10274.93 0.15286109
10275.97 0.15255813
10277.0 0.15225516
10278.04 0.1519519
10279.09 0.1516451
10280.13 0.15133949
10281.17 0.15101844
10282.21 0.15069753
10283.25 0.15037654
10284.3 0.15005201
10285.32 0.14973412
10286.36 0.14941251
10287.41 0.14908707
10288.45 0.14876574
10289.49 0.14844415
10290.53 0.14812955
10291.57 0.14782205
10292.61 0.14751405
10293.66 0.14720292
10294.7 0.14689499
10295.74 0.1465866
10296.78 0.14627777
10297.82 0.14596954
10298.86 0.14566064
10299.9 0.14535175
10300.94 0.14503762
10302.0 0.14472005
10303.04 0.14440465
10304.08 0.14409009
10305.12 0.14377485
10306.16 0.14345968
10307.21 0.14314058
10308.25 0.14282523
10309.29 0.1425094
10310.33 0.1421933
10311.38 0.14187767
10312.42 0.14156139
10313.46 0.14124523
10314.5 0.14092901
10315.54 0.14061241
10316.6 0.14029227
10317.64 0.13997576
10318.68 0.1396586
10319.72 0.13934106
10320.77 0.1390284
10321.82 0.13871355
10322.86 0.13840222
10323.91 0.13809001
10324.95 0.13777833
10325.99 0.13746576
10327.03 0.13715366
10328.08 0.13684095
10329.12 0.13652782
10330.16 0.13621344
10331.22 0.13588513
10332.26 0.13556032
10333.31 0.13523561
10334.35 0.13491033
10335.39 0.13458522
10336.45 0.13425703
10337.49 0.13393144
10338.54 0.13360606
10339.58 0.13328049
10340.63 0.13296254
10341.67 0.13264935
10342.72 0.13233656
10343.76 0.13202316
10344.82 0.13170657
10345.86 0.13139246
10346.91 0.13107893
10347.95 0.13076474
10349.0 0.13045046
10350.04 0.13013572
10351.1 0.12980373
10352.15 0.12947524
10353.18 0.12915008
10354.24 0.12881798
10355.28 0.12848906
10356.33 0.12816007
10357.38 0.12783086
10358.42 0.12750159
10359.48 0.12716867
10360.53 0.12684944
10361.57 0.12653983
10362.62 0.12623025
10363.67 0.12592039
10364.71 0.12561001
10365.77 0.12529634
10366.82 0.12498571
10367.87 0.12467521
10368.91 0.1243639
10369.96 0.12405293
10371.01 0.12372188
10372.06 0.12339039
10373.1 0.1230589
10374.16 0.12272293
10375.21 0.12239071
10376.26 0.12205861
10377.31 0.12172582
10378.36 0.12139334
10379.42 0.12105749
10380.46 0.120724134
10381.5 0.12039413
10382.56 0.12005712
10383.61 0.11972358
10384.66 0.11938935
10385.71 0.119055435
10386.76 0.118721396
10387.81 0.118387006
10388.87 0.11804886
10389.92 0.11771466
10390.97 0.11736538
10392.02 0.117014885
10393.07 0.11666446
10394.13 0.116310604
10395.18 0.1159598
10396.22 0.11561298
10397.28 0.11525843
10398.33 0.1149085
10399.38 0.11455768
10400.43 0.114248544
10401.48 0.11399992
10402.54 0.1137484
10403.59 0.113499664
10404.64 0.11325088
10405.69 0.11300195
10406.75 0.11275294
10407.8 0.11250399
10408.85 0.11225457
10409.9 0.11200533
10410.95 0.11175271
10412.01 0.11149634
10413.07 0.111242905
10414.12 0.11098941
10415.17 0.11073595
10416.22 0.11048249
10417.29 0.11022653
10418.34 0.109972626
10419.39 0.10971876
10420.44 0.10947314
10421.5 0.10923858
10422.55 0.10900376
10423.6 0.108768515
10424.65 0.108533174
10425.72 0.1082957
10426.77 0.10806036
10427.82 0.10782477
10428.88 0.107589476
10429.93 0.10735326
10430.99 0.10710961
10432.05 0.10686201
10433.1 0.10661687
10434.16 0.106372215
10435.21 0.10612706
10436.27 0.10588206
10437.32 0.10563677
10438.38 0.10539152
10439.43 0.105145924
10440.5 0.1049053
10441.55 0.10467574
10442.6 0.104445994
10443.66 0.10421615
10444.71 0.103985675
10445.77 0.10375555
10446.84 0.10352284
10447.89 0.10329198
10448.95 0.10306137
10450.0 0.102829985
10451.06 0.10258494
10452.11 0.102339506
10453.17 0.10209408
10454.23 0.10184839
10455.29 0.10160023
10456.35 0.10135469
10457.41 0.101108514
10458.46 0.10086282
10459.52 0.10061665
10460.59 0.10036157
10461.64 0.100104526
10462.7 0.09984762
10463.76 0.09959047
10464.81 0.09933293
10465.87 0.0990762
10466.93 0.0988186
10467.99 0.09856142
10469.04 0.09830391
10470.11 0.0980438
10471.17 0.097785406
10472.23 0.097527154
10473.29 0.09726822
10474.34 0.09700943
10475.41 0.09674804
10476.47 0.09648928
10477.53 0.096230656
10478.59 0.09597184
10479.65 0.09571315
10480.71 0.09544738
10481.76 0.09517819
10482.82 0.09490832
10483.89 0.09463604
10484.95 0.09436668
10486.01 0.09409707
10487.07 0.093827836
10488.13 0.09355845
10489.19 0.09328929
10490.26 0.09302041
10491.32 0.092765965
10492.38 0.0925118
10493.44 0.09225754
10494.5 0.092003025
10495.56 0.09174861
10496.62 0.091493845
10497.68 0.091238886
10498.75 0.090981275
10499.81 0.09072626
10500.87 0.09047527
10501.93 0.090224564
10503.0 0.08997389
10504.06 0.08972307
10505.13 0.08946942
10506.19 0.08921826
10507.25 0.088967144
10508.31 0.088716075
10509.38 0.0884646
10510.44 0.08821487
10511.5 0.08796758
10512.56 0.08772029
10513.63 0.08746986
10514.7 0.08722231
10515.76 0.086974375
10516.82 0.08672645
10517.88 0.086478174
10518.95 0.08623013
10520.02 0.08597938
10521.08 0.08572763
10522.14 0.085476846
10523.21 0.08522556
10524.27 0.08497394
10525.33 0.08472213
10526.4 0.08447044
10527.46 0.08421862
10528.54 0.08396426
10529.6 0.08371209
10530.66 0.083455496
10531.73 0.0831954
10532.79 0.08293605
10533.87 0.08267342
10534.93 0.08241347
10535.99 0.08215357
10537.06 0.081893206
10538.12 0.08163378
10539.19 0.081373446
10540.25 0.081112795
10541.32 0.08084976
10542.38 0.080586396
10543.46 0.08032058
10544.52 0.0800574
10545.59 0.079794474
10546.65 0.07953099
10547.72 0.07926758
10548.8 0.07900152
10549.86 0.07873841
10550.93 0.078485586
10551.99 0.07823384
10553.06 0.07798274
10554.12 0.07773147
10555.19 0.07747983
10556.26 0.07722785
10557.34 0.07697358
10558.4 0.07672152
10559.47 0.07646933
10560.54 0.07621758
10561.6 0.07596594
10562.67 0.07571418
10563.75 0.07545949
10564.81 0.07520774
10565.87 0.07495831
10566.95 0.07470346
10568.02 0.0744511
10569.08 0.07419856
10570.15 0.07394401
10571.22 0.0736811
10572.3 0.0734154
10573.37 0.07315199
10574.44 0.07288838
10575.5 0.07262494
10576.57 0.07236146
10577.64 0.072098166
10578.72 0.07183165
10579.79 0.07156811
10580.86 0.07130702
10581.93 0.0710468
10583.0 0.070786625
10584.06 0.070525266
10585.13 0.07026498
10586.2 0.070004106
10587.28 0.0697402
10588.35 0.06947961
10589.42 0.06921886
10590.49 0.06895937
10591.56 0.06870244
10592.64 0.06844247
10593.7 0.06818808
10594.77 0.067931086
10595.85 0.06767042
10596.92 0.06741303
10598.0 0.06715531
10599.07 0.066897474
10600.14 0.066649325
10601.21 0.06646587
10602.29 0.06628051
10603.36 0.06609674
10604.43 0.06591278
10605.5 0.06572898
10606.58 0.06554506
10607.66 0.06535877
10608.72 0.06517683
10609.79 0.064992346
10610.87 0.064800315
10611.94 0.064609684
10613.02 0.064418346
10614.09 0.06422749
10615.16 0.06403597
10616.25 0.06384234
10617.32 0.06365112
10618.39 0.06345952
10619.46 0.06326784
10620.54 0.06307962
10621.61 0.062894024
10622.68 0.062708385
10623.75 0.06252246
10624.83 0.062336665
10625.91 0.062149126
10626.99 0.06196266
10628.06 0.061777074
10629.13 0.06159062
10630.21 0.06140375
10631.29 0.0612129
10632.37 0.06102406
10633.44 0.06083482
10634.51 0.0606455
10635.59 0.060456242
10636.66 0.060266893
10637.74 0.060077947
10638.81 0.059888415
10639.9 0.059697066
10640.97 0.05950736
10642.05 0.059317816
10643.12 0.05912779
10644.2 0.058938265
10645.27 0.058748256
10646.36 0.058556467
10647.44 0.058366433
10648.51 0.058176354
10649.59 0.057986047
10650.66 0.057795547
10651.74 0.05760453
10652.82 0.05741279
10653.89 0.057221487
10654.98 0.057028357
10656.06 0.056836687
10657.13 0.056645464
10658.21 0.05645362
10659.29 0.05626222
10660.36 0.056070488
10661.45 0.055877797
10662.53 0.05568672
10663.6 0.055495743
10664.68 0.055304635
10665.76 0.055113096
10666.84 0.054921564
10667.91 0.054730725
10668.99 0.054538626
10670.08 0.054345906
10671.16 0.05415607
10672.24 0.053966586
10673.32 0.053776473
10674.39 0.053586714
10675.48 0.05339477
10676.56 0.05320488
10677.64 0.053014513
10678.72 0.05282445
10679.8 0.05263415
10680.88 0.05244049
10681.96 0.05224523
10683.03 0.052050173
10684.11 0.05185483
10685.21 0.051657442
10686.28 0.051462702
10687.36 0.051267236
10688.44 0.051071927
10689.52 0.05087672
10690.61 0.05068045
10691.69 0.050487023
10692.77 0.050293848
10693.85 0.0501
10694.93 0.049906693
10696.02 0.049713153
10697.1 0.04951938
10698.18 0.049325906
10699.26 0.049132146
10700.35 0.048935853
10701.43 0.04874125
10702.51 0.048546735
10703.59 0.048351876
10704.67 0.04815734
10705.77 0.047960397
10706.85 0.04776514
10707.92 0.04757269
10709.01 0.04737564
10710.09 0.047179956
10711.18 0.046980076
10712.26 0.046779443
10713.34 0.04657919
10714.43 0.04637701
10715.52 0.046176933
10716.6 0.045976467
10717.68 0.04577624
10718.76 0.04557561
10719.85 0.04537571
10720.94 0.045177974
10722.02 0.044983033
10723.1 0.044790532
10724.19 0.04459363
10725.27 0.044398542
10726.36 0.044203687
10727.44 0.044008445
10728.52 0.043813176
10729.62 0.043616
10730.7 0.043420702
10731.79 0.043225493
10732.87 0.043030307
10733.96 0.04283542
10735.04 0.0426399
10736.14 0.042442117
10737.21 0.042248823
10738.31 0.042050797
10739.39 0.04185529
10740.48 0.041658208
10741.56 0.04145935
10742.65 0.041260466
10743.73 0.041061718
10744.83 0.040860407
10745.91 0.040661506
10747.0 0.040462527
10748.08 0.040263392
10749.17 0.040064372
10750.27 0.039864607
10751.34 0.039674025
10752.43 0.039480995
10753.53 0.039285928
10754.61 0.039092842
10755.7 0.038899753
10756.79 0.038706217
10757.87 0.03851325
10758.96 0.038319513
10760.06 0.038123578
10761.14 0.03792384
10762.23 0.037724078
10763.32 0.03752429
10764.41 0.03732482
10765.5 0.037122674
10766.58 0.036925234
10767.67 0.03672512
10768.77 0.03652294
10769.86 0.036323022
10770.94 0.03612451
10772.03 0.03592684
10773.12 0.03572863
10774.22 0.035528447
10775.31 0.035329897
10776.4 0.035131488
10777.49 0.03493312
10778.57 0.03473453
10779.66 0.034536134
10780.75 0.034338765
10781.84 0.03414226
10782.93 0.033945575
10784.03 0.03374708
10785.12 0.033550303
10786.21 0.033353582
10787.3 0.03315672
10788.39 0.03295965
10789.49 0.032760132
10790.58 0.032562822
10791.67 0.032364924
10792.76 0.032167085
10793.85 0.031969123
10794.94 0.03177157
10796.03 0.031573232
10797.12 0.03137476
10798.22 0.031174503
10799.32 0.030976273
10800.41 0.030689482
10801.5 0.030256113
10802.59 0.029825624
10803.68 0.02939761
10804.78 0.028968347
10805.88 0.028545763
10806.97 0.028126387
10808.06 0.027710073
10809.15 0.027296351
10810.24 0.02688494
10811.33 0.02647533
10812.43 0.02606862
10813.53 0.025659844
10814.62 0.025258949
10815.71 0.024860352
10816.81 0.024464982
10817.9 0.024072453
10818.99 0.023682553
10820.1 0.023292076
10821.19 0.022907909
10822.28 0.022526428
10823.38 0.0221483
10824.47 0.021772718
10825.56 0.021400083
10826.66 0.021030728
10827.75 0.020663938
10828.86 0.020296233
10829.95 0.019935016
10831.04 0.019578133
10832.14 0.019224295
10833.23 0.018873036
10834.34 0.018521009
10835.43 0.018175904
10836.53 0.017833412
10837.62 0.01749381
10838.72 0.017157145
10839.81 0.016823338
10840.91 0.016493257
10842.0 0.016166527
10843.1 0.015842607
10844.21 0.01551845
10845.3 0.015200294
10846.4 0.014885022
10847.49 0.014572608
10848.59 0.014263076
10849.7 0.013953146
10850.79 0.013647889
10851.89 0.013345386
10852.98 0.013045574
10854.08 0.012749131
10855.18 0.012455466
10856.27 0.0121647585
10857.37 0.011877016
10858.48 0.011589191
10859.58 0.011307408
10860.67 0.011028656
10861.77 0.010753343
10862.87 0.010480725
10863.96 0.010211267
10865.07 0.009941837
10866.17 0.009678328
10867.27 0.009417728
10868.37 0.009159836
10869.46 0.008905094
10870.56 0.008653426
10871.66 0.008404608
10872.76 0.008158911
10873.87 0.00791339
10874.97 0.0076733707
10876.07 0.007436495
10877.17 0.0072026234
10878.26 0.0069716778
10879.36 0.0067436956
10880.47 0.006515947
10881.57 0.006293603
10882.67 0.0060740407
10883.77 0.0058574486
10884.87 0.005643838
10885.97 0.00543319
10887.07 0.00522567
10888.18 0.0050190534
10889.27 0.0048197075