14350.0 0.0
14360.0 1e-04
14370.0 1e-04
14380.0 1e-04
14390.0 1e-04
14400.0 1e-04
14410.0 1e-04
14420.0 1e-04
14430.0 1e-04
14440.0 1e-04
14450.0 1e-04
14460.0 1e-04
14470.0 0.0002
14480.0 0.0002
14490.0 0.0002
14500.0 0.0002
14510.0 0.0002
14520.0 0.0003
14530.0 0.0003
14540.0 0.0003
14550.0 0.0003
14560.0 0.0004
14570.0 0.0004
14580.0 0.0004
14590.0 0.0004
14600.0 0.0004
14610.0 0.0005
14620.0 0.0005
14630.0 0.0005
14640.0 0.0005
14650.0 0.0004
14660.0 0.0004
14670.0 0.0003
14680.0 0.0003
14690.0 0.0002
14700.0 0.0002
14710.0 0.0002
14720.0 0.0004
14730.0 0.0006
14740.0 0.001
14750.0 0.0016
14760.0 0.0023
14770.0 0.0031
14780.0 0.0042
14790.0 0.0054
14800.0 0.0068
14810.0 0.0083
14820.0 0.0101
14830.0 0.0121
14840.0 0.0143
14850.0 0.0167
14860.0 0.0195
14870.0 0.0227
14880.0 0.0262
14890.0 0.0301
14900.0 0.0346
14910.0 0.0395
14920.0 0.0449
14930.0 0.0511
14940.0 0.058
14950.0 0.0655
14960.0 0.0738
14970.0 0.0829
14980.0 0.0929
14990.0 0.1039
15000.0 0.1154
15010.0 0.1282
15020.0 0.1418
15030.0 0.1564
15040.0 0.1716
15050.0 0.188
15060.0 0.2051
15070.0 0.2228
15080.0 0.2411
15090.0 0.2597
15100.0 0.279
15110.0 0.2982
15120.0 0.3172
15130.0 0.3361
15140.0 0.3552
15150.0 0.3737
15160.0 0.392
15170.0 0.4093
15180.0 0.4258
15190.0 0.4416
15200.0 0.4564
15210.0 0.4701
15220.0 0.4827
15230.0 0.4946
15240.0 0.5054
15250.0 0.5149
15260.0 0.5233
15270.0 0.5309
15280.0 0.5376
15290.0 0.5433
15300.0 0.548
15310.0 0.5522
15320.0 0.556
15330.0 0.5591
15340.0 0.5614
15350.0 0.5632
15360.0 0.5648
15370.0 0.5659
15380.0 0.567
15390.0 0.5673
15400.0 0.5674
15410.0 0.5672
15420.0 0.5672
15430.0 0.5668
15440.0 0.5665
15450.0 0.5657
15460.0 0.565
15470.0 0.5644
15480.0 0.5641
15490.0 0.5632
15500.0 0.5621
15510.0 0.5612
15520.0 0.5603
15530.0 0.5598
15540.0 0.5591
15550.0 0.5584
15560.0 0.5573
15570.0 0.5564
15580.0 0.5559
15590.0 0.555
15600.0 0.5543
15610.0 0.5533
15620.0 0.5525
15630.0 0.5519
15640.0 0.5512
15650.0 0.5506
15660.0 0.5502
15670.0 0.5501
15680.0 0.5496
15690.0 0.5493
15700.0 0.5487
15710.0 0.548
15720.0 0.5472
15730.0 0.5467
15740.0 0.5462
15750.0 0.546
15760.0 0.5455
15770.0 0.5453
15780.0 0.545
15790.0 0.5443
15800.0 0.5436
15810.0 0.5435
15820.0 0.5433
15830.0 0.5429
15840.0 0.5426
15850.0 0.5427
15860.0 0.5427
15870.0 0.5426
15880.0 0.5426
15890.0 0.5423
15900.0 0.5418
15910.0 0.5413
15920.0 0.5412
15930.0 0.5409
15940.0 0.5409
15950.0 0.5411
15960.0 0.5411
15970.0 0.5408
15980.0 0.5401
15990.0 0.5394
16000.0 0.5388
16010.0 0.5387
16020.0 0.5383
16030.0 0.538
16040.0 0.5379
16050.0 0.5378
16060.0 0.5376
16070.0 0.5373
16080.0 0.5367
16090.0 0.5365
16100.0 0.5361
16110.0 0.5359
16120.0 0.5357
16130.0 0.5359
16140.0 0.5355
16150.0 0.5355
16160.0 0.5356
16170.0 0.5353
16180.0 0.535
16190.0 0.5344
16200.0 0.5342
16210.0 0.5337
16220.0 0.533
16230.0 0.5331
16240.0 0.5332
16250.0 0.5332
16260.0 0.5332
16270.0 0.533
16280.0 0.5328
16290.0 0.5328
16300.0 0.5325
16310.0 0.5323
16320.0 0.5323
16330.0 0.5321
16340.0 0.5322
16350.0 0.532
16360.0 0.5314
16370.0 0.5309
16380.0 0.5306
16390.0 0.5306
16400.0 0.5303
16410.0 0.5305
16420.0 0.5305
16430.0 0.5304
16440.0 0.5302
16450.0 0.5301
16460.0 0.5302
16470.0 0.5296
16480.0 0.5287
16490.0 0.529
16500.0 0.5294
16510.0 0.5297
16520.0 0.5303
16530.0 0.5304
16540.0 0.5307
16550.0 0.5308
16560.0 0.5313
16570.0 0.5318
16580.0 0.5316
16590.0 0.5314
16600.0 0.5317
16610.0 0.5321
16620.0 0.5321
16630.0 0.5322
16640.0 0.5323
16650.0 0.5328
16660.0 0.5332
16670.0 0.5335
16680.0 0.534
16690.0 0.5345
16700.0 0.5343
16710.0 0.5344
16720.0 0.5347
16730.0 0.5348
16740.0 0.5349
16750.0 0.5348
16760.0 0.5349
16770.0 0.5349
16780.0 0.5355
16790.0 0.5359
16800.0 0.536
16810.0 0.5364
16820.0 0.5362
16830.0 0.5358
16840.0 0.536
16850.0 0.5359
16860.0 0.5361
16870.0 0.5365
16880.0 0.5367
16890.0 0.5366
16900.0 0.537
16910.0 0.5369
16920.0 0.5367
16930.0 0.5365
16940.0 0.5367
16950.0 0.5367
16960.0 0.5369
16970.0 0.5368
16980.0 0.5364
16990.0 0.5364
17000.0 0.5367
17010.0 0.5365
17020.0 0.5363
17030.0 0.5361
17040.0 0.5359
17050.0 0.5356
17060.0 0.5356
17070.0 0.5358
17080.0 0.5357
17090.0 0.5357
17100.0 0.5354
17110.0 0.5355
17120.0 0.5354
17130.0 0.5354
17140.0 0.5353
17150.0 0.5356
17160.0 0.5357
17170.0 0.5358
17180.0 0.5354
17190.0 0.5355
17200.0 0.5355
17210.0 0.5358
17220.0 0.5359
17230.0 0.5362
17240.0 0.5368
17250.0 0.537
17260.0 0.5373
17270.0 0.5375
17280.0 0.5378
17290.0 0.538
17300.0 0.5382
17310.0 0.5389
17320.0 0.5393
17330.0 0.5395
17340.0 0.5399
17350.0 0.5407
17360.0 0.5411
17370.0 0.5411
17380.0 0.5416
17390.0 0.542
17400.0 0.5424
17410.0 0.5431
17420.0 0.5432
17430.0 0.5432
17440.0 0.5434
17450.0 0.5433
17460.0 0.5432
17470.0 0.5427
17480.0 0.5421
17490.0 0.5414
17500.0 0.5405
17510.0 0.5388
17520.0 0.5372
17530.0 0.5353
17540.0 0.533
17550.0 0.5302
17560.0 0.5271
17570.0 0.5232
17580.0 0.5191
17590.0 0.5141
17600.0 0.5087
17610.0 0.5025
17620.0 0.4955
17630.0 0.4882
17640.0 0.4802
17650.0 0.4718
17660.0 0.4624
17670.0 0.4526
17680.0 0.442
17690.0 0.431
17700.0 0.4194
17710.0 0.4075
17720.0 0.3951
17730.0 0.3822
17740.0 0.3691
17750.0 0.3558
17760.0 0.3422
17770.0 0.329
17780.0 0.3158
17790.0 0.3022
17800.0 0.2889
17810.0 0.2758
17820.0 0.2627
17830.0 0.2501
17840.0 0.2379
17850.0 0.2258
17860.0 0.2142
17870.0 0.2031
17880.0 0.1924
17890.0 0.1819
17900.0 0.172
17910.0 0.1626
17920.0 0.1537
17930.0 0.1453
17940.0 0.1371
17950.0 0.1294
17960.0 0.1221
17970.0 0.1153
17980.0 0.1088
17990.0 0.1026
18000.0 0.0968
18010.0 0.0914
18020.0 0.0861
18030.0 0.0813
18040.0 0.0768
18050.0 0.0726
18060.0 0.0686
18070.0 0.065
18080.0 0.0615
18090.0 0.0581
18100.0 0.0547
18110.0 0.0515
18120.0 0.0487
18130.0 0.0463
18140.0 0.0442
18150.0 0.0421
18160.0 0.0399
18170.0 0.0375
18180.0 0.0353
18190.0 0.0334
18200.0 0.0318
18210.0 0.0304
18220.0 0.029
18230.0 0.0276
18240.0 0.0262
18250.0 0.0248
18260.0 0.0235
18270.0 0.0222
18280.0 0.0211
18290.0 0.0199
18300.0 0.0189
18310.0 0.018
18320.0 0.0173
18330.0 0.017
18340.0 0.0167
18350.0 0.0159
18360.0 0.0148
18370.0 0.0135
18380.0 0.0126
18390.0 0.0122
18400.0 0.0122
18410.0 0.0122
18420.0 0.0117
18430.0 0.0109
18440.0 0.0102
18450.0 0.0099
18460.0 0.0096
18470.0 0.0091
18480.0 0.0084
18490.0 0.008
18500.0 0.0078
18510.0 0.0077
18520.0 0.0077
18530.0 0.0078
18540.0 0.0075
18550.0 0.0071
18560.0 0.0066
18570.0 0.0059
18580.0 0.0053
18590.0 0.005
18600.0 0.0047
18610.0 0.0044
18620.0 0.0044
18630.0 0.0044
18640.0 0.0043
18650.0 0.0044
18660.0 0.0046
18670.0 0.0047
18680.0 0.0047
18690.0 0.0047
18700.0 0.0043
18710.0 0.004
18720.0 0.0038
18730.0 0.0036
18740.0 0.0033
18750.0 0.0032
18760.0 0.0032
18770.0 0.003
18780.0 0.0029
18790.0 0.0026
18800.0 0.0025
18810.0 0.0028
18820.0 0.0029
18830.0 0.003
18840.0 0.003
18850.0 0.0028
18860.0 0.0025
18870.0 0.0021
18880.0 0.0019
18890.0 0.0019
18900.0 0.002
18910.0 0.0019
18920.0 0.0017
18930.0 0.0016
18940.0 0.0017
18950.0 0.0018
18960.0 0.0018
18970.0 0.002
18980.0 0.0021
18990.0 0.002
19000.0 0.0018
19010.0 0.0015
19020.0 0.0012
19030.0 0.0012
19040.0 0.0014
19050.0 0.0015
19060.0 0.0015
19070.0 0.0015
19080.0 0.0012
19090.0 0.0009
19100.0 0.0007
19110.0 0.0008
19120.0 0.001
19130.0 0.0009
19140.0 0.0009
19150.0 0.001
19160.0 0.0009
19170.0 0.0008
19180.0 0.0008
19190.0 0.0009
19200.0 0.0009
19210.0 0.0009
19220.0 0.001
19230.0 0.001
19240.0 0.001
19250.0 0.0007
19260.0 0.0007
19270.0 0.0008
19280.0 0.0008
19290.0 0.0008
19300.0 0.0008
19310.0 0.0008
19320.0 0.0007
19330.0 0.0006
19340.0 0.0006
19350.0 0.0007
19360.0 0.0007
19370.0 0.0006
19380.0 0.0007
19390.0 0.0007
19400.0 0.0006
19410.0 0.0007
19420.0 0.0006
19430.0 0.0005
19440.0 0.0005
19450.0 0.0006
19460.0 0.0006
19470.0 0.0005
19480.0 0.0004
19490.0 0.0004
19500.0 0.0005
19510.0 0.0006
19520.0 0.0006
19530.0 0.0004
19540.0 0.0004
19550.0 0.0005
19560.0 0.0005
19570.0 0.0005
19580.0 0.0004
19590.0 0.0003
19600.0 0.0004
19610.0 0.0005
19620.0 0.0004
19630.0 0.0003
19640.0 0.0004
19650.0 0.0004
19660.0 0.0004
19670.0 0.0003
19680.0 0.0004
19690.0 0.0003
19700.0 0.0003
19710.0 0.0003
19720.0 0.0004
19730.0 0.0004
19740.0 0.0003
19750.0 0.0002
19760.0 0.0003
19770.0 0.0003
19780.0 0.0002
19790.0 0.0003
19800.0 0.0003
19810.0 0.0002
19820.0 0.0002
19830.0 0.0003
19840.0 0.0003
19850.0 0.0002
19860.0 0.0002
19870.0 0.0002
19880.0 0.0002
19890.0 0.0002
19900.0 0.0002
19910.0 0.0002
19920.0 1e-04
19930.0 1e-04
19940.0 1e-04
19950.0 0.0002
19960.0 0.0002
19970.0 0.0002
19980.0 0.0002
19990.0 0.0002
20000.0 1e-04
20010.0 1e-04
20020.0 1e-04
20030.0 1e-04
20040.0 1e-04
20050.0 1e-04
20060.0 1e-04
20070.0 1e-04
20080.0 1e-04
20090.0 1e-04
20100.0 0.0