6025.0 0.00421
6030.0 0.00565
6035.0 0.00761
6040.0 0.01013
6045.0 0.01349
6050.0 0.01789
6055.0 0.02351
6060.0 0.03053
6065.0 0.0395
6070.0 0.05031
6075.0 0.06341
6080.0 0.07856
6085.0 0.09608
6090.0 0.11518
6095.0 0.13597
6100.0 0.1586
6105.0 0.18276
6110.0 0.20708
6115.0 0.23194
6120.0 0.25435
6125.0 0.27744
6130.0 0.30207
6135.0 0.32628
6140.0 0.34871
6145.0 0.36947
6150.0 0.38852
6155.0 0.40508
6160.0 0.41993
6165.0 0.43384
6170.0 0.44669
6175.0 0.45897
6180.0 0.47139
6185.0 0.48436
6190.0 0.49797
6195.0 0.51263
6200.0 0.52823
6205.0 0.54396
6210.0 0.56074
6215.0 0.57736
6220.0 0.59373
6225.0 0.61018
6230.0 0.62602
6235.0 0.64127
6240.0 0.65545
6245.0 0.66864
6250.0 0.68121
6255.0 0.6923
6260.0 0.70254
6265.0 0.71191
6270.0 0.72033
6275.0 0.72748
6280.0 0.73376
6285.0 0.73859
6290.0 0.74266
6295.0 0.74544
6300.0 0.74704
6305.0 0.7479
6315.0 0.74839
6320.0 0.74827
6325.0 0.74842
6330.0 0.74908
6335.0 0.75022
6340.0 0.75219
6345.0 0.75553
6350.0 0.75959
6355.0 0.76509
6360.0 0.77136
6365.0 0.77873
6370.0 0.78628
6375.0 0.79414
6380.0 0.80231
6385.0 0.80996
6390.0 0.81709
6395.0 0.8233
6400.0 0.82896
6405.0 0.83363
6410.0 0.83729
6415.0 0.84036
6420.0 0.84297
6425.0 0.84481
6430.0 0.84656
6435.0 0.84839
6440.0 0.85048
6445.0 0.8528
6450.0 0.85533
6455.0 0.85784
6460.0 0.86111
6465.0 0.86412
6470.0 0.86734
6475.0 0.87009
6480.0 0.87303
6485.0 0.87565
6490.0 0.87797
6495.0 0.87919
6500.0 0.88004
6505.0 0.88056
6510.0 0.88034
6515.0 0.87925
6520.0 0.87775
6525.0 0.87608
6530.0 0.87377
6535.0 0.87076
6540.0 0.8677
6545.0 0.86454
6550.0 0.86167
6555.0 0.85826
6560.0 0.85458
6565.0 0.85074
6570.0 0.84748
6575.0 0.84408
6580.0 0.84059
6585.0 0.8376
6590.0 0.8351
6595.0 0.83337
6600.0 0.83212
6605.0 0.83114
6610.0 0.83089
6615.0 0.83122
6620.0 0.83213
6625.0 0.83372
6630.0 0.83467
6635.0 0.83604
6640.0 0.83756
6645.0 0.83903
6650.0 0.84
6655.0 0.84067
6660.0 0.84039
6665.0 0.84023
6670.0 0.83975
6675.0 0.83906
6680.0 0.83802
6685.0 0.83709
6695.0 0.83637
6700.0 0.83684
6705.0 0.83826
6710.0 0.84075
6715.0 0.84422
6720.0 0.84872
6725.0 0.85432
6730.0 0.86083
6735.0 0.86806
6740.0 0.8767
6745.0 0.88514
6750.0 0.89402
6755.0 0.90213
6760.0 0.90976
6765.0 0.91633
6770.0 0.92193
6775.0 0.92691
6780.0 0.93144
6785.0 0.93411
6790.0 0.93538
6795.0 0.93587
6800.0 0.93567
6805.0 0.93472
6810.0 0.93342
6815.0 0.93197
6820.0 0.93065
6825.0 0.9295
6840.0 0.92915
6845.0 0.92954
6850.0 0.93014
6855.0 0.9308
6860.0 0.93058
6865.0 0.9298
6870.0 0.92792
6875.0 0.92515
6880.0 0.92125
6885.0 0.91593
6890.0 0.90998
6895.0 0.90279
6900.0 0.89499
6905.0 0.88626
6910.0 0.8779
6915.0 0.86929
6920.0 0.86104
6925.0 0.85382
6930.0 0.84744
6935.0 0.84231
6940.0 0.83831
6945.0 0.83558
6950.0 0.83413
6955.0 0.83378
6960.0 0.83475
6965.0 0.83666
6970.0 0.83965
6975.0 0.84291
6980.0 0.84633
6985.0 0.85043
6990.0 0.85453
6995.0 0.85893
7000.0 0.86335
7005.0 0.86722
7010.0 0.87108
7015.0 0.87488
7020.0 0.8792
7025.0 0.88295
7030.0 0.8865
7035.0 0.88989
7040.0 0.89332
7045.0 0.89676
7050.0 0.89965
7055.0 0.9019
7060.0 0.90361
7065.0 0.90397
7070.0 0.90331
7075.0 0.90147
7080.0 0.89756
7085.0 0.89162
7090.0 0.88385
7095.0 0.87417
7100.0 0.86364
7105.0 0.85169
7110.0 0.83963
7115.0 0.82722
7120.0 0.81546
7125.0 0.80479
7130.0 0.79561
7135.0 0.78878
7140.0 0.78336
7145.0 0.78015
7150.0 0.77891
7155.0 0.77932
7160.0 0.78102
7165.0 0.78157
7170.0 0.77971
7175.0 0.77253
7180.0 0.75786
7185.0 0.73395
7190.0 0.69919
7195.0 0.65772
7200.0 0.60655
7205.0 0.54603
7210.0 0.47877
7215.0 0.41045
7220.0 0.34633
7225.0 0.28866
7230.0 0.2379
7235.0 0.19549
7240.0 0.16002
7245.0 0.13131
7250.0 0.10825
7255.0 0.08986
7260.0 0.07495
7265.0 0.06306
7270.0 0.05352
7275.0 0.04602
7280.0 0.03984
7285.0 0.03483
7290.0 0.03064
7295.0 0.02727
7300.0 0.02456
7305.0 0.02237
7310.0 0.02048
7315.0 0.01887
7320.0 0.01754
7325.0 0.01641
7330.0 0.01541
7335.0 0.01454
7340.0 0.01371
7345.0 0.01291
7350.0 0.01208
7355.0 0.01123
7360.0 0.0103
7365.0 0.0093
7370.0 0.00826
7375.0 0.0072
7380.0 0.00616
7385.0 0.00519
7390.0 0.00431