7120.0 0.00471
7125.0 0.0056
7130.0 0.00665
7135.0 0.00785
7140.0 0.00929
7145.0 0.01106
7150.0 0.0132
7155.0 0.0159
7160.0 0.01929
7165.0 0.02375
7170.0 0.02947
7175.0 0.03705
7180.0 0.04732
7185.0 0.06107
7190.0 0.07948
7195.0 0.10222
7200.0 0.13024
7205.0 0.16772
7210.0 0.2151
7215.0 0.27157
7220.0 0.33234
7225.0 0.39031
7230.0 0.43929
7235.0 0.47258
7240.0 0.48992
7245.0 0.49367
7250.0 0.48879
7255.0 0.48136
7260.0 0.47472
7265.0 0.47156
7270.0 0.4725
7275.0 0.47763
7280.0 0.48705
7285.0 0.49977
7290.0 0.51562
7295.0 0.53343
7300.0 0.55221
7305.0 0.57137
7310.0 0.59029
7315.0 0.60803
7320.0 0.62424
7325.0 0.63846
7330.0 0.65101
7335.0 0.66145
7340.0 0.67077
7345.0 0.67885
7350.0 0.68684
7355.0 0.69489
7360.0 0.7037
7365.0 0.71343
7370.0 0.72418
7375.0 0.73626
7380.0 0.7502
7385.0 0.76474
7390.0 0.78098
7395.0 0.79812
7400.0 0.81563
7405.0 0.83416
7410.0 0.85102
7415.0 0.8665
7420.0 0.88252
7425.0 0.89732
7430.0 0.9113
7435.0 0.92275
7440.0 0.93256
7445.0 0.93951
7450.0 0.94446
7455.0 0.94732
7460.0 0.94753
7465.0 0.94616
7470.0 0.94277
7475.0 0.9388
7480.0 0.93362
7485.0 0.9284
7490.0 0.9223
7495.0 0.91648
7500.0 0.91106
7505.0 0.90611
7510.0 0.90153
7515.0 0.89781
7520.0 0.89437
7525.0 0.89178
7530.0 0.88976
7535.0 0.88886
7540.0 0.88797
7545.0 0.88834
7550.0 0.88892
7555.0 0.89023
7560.0 0.89207
7565.0 0.89387
7570.0 0.89608
7575.0 0.89908
7580.0 0.90168
7585.0 0.90436
7590.0 0.90702
7595.0 0.90992
7600.0 0.91234
7605.0 0.91492
7610.0 0.91733
7615.0 0.91895
7620.0 0.92076
7625.0 0.92215
7630.0 0.92312
7635.0 0.92436
7640.0 0.92489
7645.0 0.92575
7650.0 0.92662
7655.0 0.92762
7660.0 0.92855
7665.0 0.9293
7670.0 0.93029
7675.0 0.93183
7680.0 0.93326
7685.0 0.93519
7690.0 0.93727
7695.0 0.93965
7700.0 0.94206
7705.0 0.94432
7710.0 0.94696
7715.0 0.94961
7720.0 0.95189
7725.0 0.95385
7730.0 0.95594
7735.0 0.95712
7740.0 0.95792
7745.0 0.95824
7750.0 0.95752
7755.0 0.9563
7760.0 0.95437
7765.0 0.9519
7770.0 0.9486
7775.0 0.94515
7780.0 0.94098
7785.0 0.93613
7790.0 0.93168
7795.0 0.92642
7800.0 0.92141
7805.0 0.91667
7810.0 0.91174
7815.0 0.90748
7820.0 0.90359
7825.0 0.90076
7830.0 0.89835
7835.0 0.89672
7840.0 0.89546
7845.0 0.89508
7850.0 0.89558
7855.0 0.89655
7860.0 0.89816
7865.0 0.90081
7870.0 0.90432
7875.0 0.90851
7880.0 0.91259
7885.0 0.91749
7890.0 0.92299
7895.0 0.92861
7900.0 0.93405
7905.0 0.93926
7910.0 0.94421
7915.0 0.94938
7920.0 0.95408
7925.0 0.95821
7930.0 0.96193
7935.0 0.96481
7940.0 0.96741
7945.0 0.96909
7950.0 0.97038
7955.0 0.97153
7960.0 0.97192
7965.0 0.97275
7970.0 0.97257
7980.0 0.97278
7985.0 0.97232
7990.0 0.97209
7995.0 0.96911
8000.0 0.96614
8005.0 0.96644
8010.0 0.96675
8020.0 0.96687
8030.0 0.96675
8035.0 0.96644
8040.0 0.96614
8045.0 0.96562
8050.0 0.9651
8055.0 0.96457
8060.0 0.96403
8065.0 0.96348
8070.0 0.96292
8075.0 0.9622
8080.0 0.96147
8085.0 0.96079
8090.0 0.96011
8095.0 0.95941
8100.0 0.9587
8105.0 0.9579
8110.0 0.9571
8115.0 0.9565
8120.0 0.95591
8125.0 0.95534
8130.0 0.95478
8135.0 0.95435
8140.0 0.95392
8145.0 0.95337
8150.0 0.95281
8155.0 0.9525
8160.0 0.95219
8165.0 0.95194
8170.0 0.9517
8175.0 0.95146
8180.0 0.95122
8185.0 0.95102
8190.0 0.95083
8195.0 0.95072
8210.0 0.95059
8220.0 0.95073
8225.0 0.95088
8230.0 0.95103
8235.0 0.95119
8240.0 0.95135
8245.0 0.95151
8250.0 0.95168
8255.0 0.95205
8260.0 0.95243
8265.0 0.95271
8270.0 0.953
8275.0 0.95323
8280.0 0.95346
8290.0 0.9536
8295.0 0.95344
8300.0 0.95329
8305.0 0.95262
8310.0 0.95195
8315.0 0.95085
8320.0 0.94976
8325.0 0.94806
8330.0 0.94636
8335.0 0.94401
8340.0 0.94166
8345.0 0.93864
8350.0 0.93562
8355.0 0.93191
8360.0 0.9282
8365.0 0.92387
8370.0 0.91955
8375.0 0.91477
8380.0 0.90999
8385.0 0.90497
8390.0 0.89996
8395.0 0.89495
8400.0 0.88995
8405.0 0.88554
8410.0 0.88114
8415.0 0.87733
8420.0 0.87353
8425.0 0.87089
8430.0 0.86825
8435.0 0.86651
8440.0 0.86478
8445.0 0.86441
8450.0 0.86404
8455.0 0.86478
8460.0 0.86551
8465.0 0.86758
8470.0 0.86965
8475.0 0.87249
8480.0 0.87534
8485.0 0.879
8490.0 0.88266
8495.0 0.88663
8500.0 0.8906
8505.0 0.89454
8510.0 0.89848
8515.0 0.90213
8520.0 0.90578
8525.0 0.90861
8530.0 0.91143
8535.0 0.91304
8540.0 0.91464
8550.0 0.91475
8555.0 0.91301
8560.0 0.91127
8565.0 0.90739
8570.0 0.90351
8575.0 0.89735
8580.0 0.89119
8585.0 0.88278
8590.0 0.87437
8595.0 0.86384
8600.0 0.85332
8605.0 0.84041
8610.0 0.82749
8615.0 0.81344
8620.0 0.79939
8625.0 0.78411
8630.0 0.76883
8635.0 0.75303
8640.0 0.73722
8645.0 0.72267
8650.0 0.70812
8655.0 0.69539
8660.0 0.68266
8665.0 0.67293
8670.0 0.66321
8675.0 0.65816
8690.0 0.65308
8695.0 0.65752
8700.0 0.66197
8705.0 0.66981
8710.0 0.67764
8715.0 0.6865
8720.0 0.69535
8725.0 0.70236
8730.0 0.70938
8735.0 0.71173
8740.0 0.71408
8745.0 0.70899
8750.0 0.70389
8755.0 0.68932
8760.0 0.67474
8765.0 0.64901
8770.0 0.62327
8775.0 0.58709
8780.0 0.5509
8785.0 0.5094
8790.0 0.4679
8795.0 0.42308
8800.0 0.37827
8805.0 0.33581
8810.0 0.29335
8815.0 0.25535
8820.0 0.21735
8825.0 0.18606
8830.0 0.15476
8835.0 0.13174
8840.0 0.10871
8845.0 0.09256
8850.0 0.07641
8855.0 0.06559
8860.0 0.05478
8865.0 0.04733
8870.0 0.03988
8875.0 0.03481
8880.0 0.02973
8885.0 0.02609
8890.0 0.02245
8895.0 0.01971
8900.0 0.01698
8905.0 0.01497
8910.0 0.01297
8915.0 0.01138
8920.0 0.00979
8925.0 0.0086
8930.0 0.00742
8935.0 0.00652
8940.0 0.00562
8945.0 0.00492
8950.0 0.00421